[
    [
        1838313047,
        843918149,
        -977690771,
        764949643,
        1342730656,
        -1971635958,
        -1661719310,
        -2038818654,
        1729250304,
        -1157215924,
        -614689485,
        1695897900,
        -910369277,
        808966169,
        1232304733,
        -1493933306,
        888085356,
        600521111,
        -860907231,
        1373946723,
        1654509975,
        1410459431,
        694314888,
        -1631655071,
        800727394,
        1976662520,
        -1071671961,
        -1408363351,
        586567279,
        521203090,
        -1361600211,
        -798517070,
        -1243879145,
        434243395,
        1840568272,
        269934915,
        1930761358,
        478754527,
        487253984,
        -503845395,
        447952523,
        947730115,
        653331255,
        1598728014,
        2055169100,
        -2066629785,
        -2113921486,
        1352891808,
        976467510,
        -1909837120,
        1024858086,
        -2110139350,
        -656005916,
        -907239204,
        800229219,
        -943936683,
        1678347659,
        -32676465,
        320294254,
        -271775671,
        -976015727,
        1867070378,
        1122772030,
        -953815097,
        -1771176533,
        672615815,
        1207322320,
        -2006994967,
        -1224570321,
        1468943459,
        -1533160346,
        -886144963,
        392631310,
        621978617,
        -1768421406,
        -740816970,
        529107173,
        -1723535042,
        1842284880,
        1711702338,
        520298063,
        -395427818,
        -1444824050,
        779088422,
        553434557,
        -1710117322,
        -863360147,
        1211606766,
        1653309922,
        -1727926504,
        1726418834,
        -491413088,
        -237644629,
        -23243288,
        1800133714,
        412769348,
        -1103680448,
        -868844818,
        323994948,
        -2003496695,
        -1474274804,
        1864434484,
        1980006590,
        2035407052,
        -467902036,
        -993262641,
        705669752,
        -1129797252,
        1835146275,
        770781018,
        1591742208,
        -919282531,
        1131062984,
        -633218041,
        -282250447,
        -15630479,
        -1885777508,
        2060916673,
        641395140,
        -1119565115,
        -267919219,
        1416952072,
        -855499169,
        -1246776628,
        -1096154278,
        -972964937,
        968700597,
        1830710814,
        -464748850,
        1730443782,
        -554762331,
        949696210,
        -2083839465,
        -1749462381,
        -105679457,
        -1143396719,
        -534772856,
        995140339,
        -1629788970,
        -685755967,
        -1470971826,
        1327003265,
        -20258898,
        1832074957,
        1313608399,
        -989565991,
        999760347,
        -39638184,
        -1502282445,
        1573041728,
        -751933200,
        1346271330,
        1316821498,
        1580541542,
        -1974990051,
        -1739488072,
        -757030301,
        1307256854,
        -1571613796,
        -502343311,
        -856635246,
        -439944685,
        -923843448,
        1796899501,
        1444950449,
        935604082,
        -1242171326,
        1098466456,
        1580703444,
        -1205570047,
        2128222368,
        2109896293,
        855211009,
        1366977226,
        -322391976,
        1698379370,
        1336596170,
        -684441753,
        -979193202,
        1299605853,
        -660883342,
        565976965,
        -972036535,
        -1253631474,
        -245902546,
        1874588123,
        798952515,
        -1958347398,
        -1433673854,
        790459361,
        -1571897017,
        1824967233,
        1489198652,
        155716398,
        -1248186215,
        -452590845,
        -1616609639,
        1785243510,
        1016030977,
        -1147535822,
        -407987356,
        888456021,
        655684412,
        -880419933,
        -825502454,
        -1357155023,
        312920231,
        -2032376790,
        883019272,
        666841686,
        1597769128,
        -823824566,
        1053822308,
        -895495982,
        780524183,
        236969799,
        2011588596,
        -2116007469,
        1479490684,
        -1598909949,
        1956788249,
        -1170936998,
        -1559033450,
        -807093410,
        -320024572,
        -19256550,
        -1835044423,
        -1104772287,
        -1557179733,
        1598178699,
        34293566,
        -1456418925,
        248676485,
        -2038752878,
        -681036984,
        -1907970701,
        1118829488,
        -931434621,
        1242472479,
        997418458,
        77983831,
        -1704724296,
        1134155826,
        -557331727,
        -1005748719,
        497186980,
        -720578307,
        -272423321,
        -756719685,
        1233421612,
        234546886,
        -78744444,
        619252273,
        1920188929,
        1621334580,
        -1662851845,
    ],
    [
        -1706915281,
        516030316,
        -1027679652,
        -951971322,
        298003394,
        1957248815,
        1521661886,
        -43069229,
        -496733236,
        -1593015553,
        -134035224,
        -543327623,
        459676617,
        2012770125,
        601298308,
        -2017491018,
        -2091164722,
        1721994314,
        -595594156,
        969191387,
        1804159592,
        63498948,
        -1934206558,
        1697128610,
        -69489960,
        2094282168,
        -1308569216,
        1991854165,
        -1860553276,
        1110575999,
        -1432986157,
        -1042112312,
        -1483270183,
        259393593,
        726760886,
        -2044242026,
        831055346,
        33369514,
        -1644931215,
        -1127355931,
        -1927247557,
        -632485768,
        1467067458,
        -1580268604,
        -1698380881,
        -1702851671,
        1344165127,
        -3838668,
        1156990876,
        -1906414328,
        202966310,
        212893695,
        46107567,
        -615740912,
        1677090843,
        -780919732,
        1986677522,
        2086484614,
        -1842973823,
        856182188,
        551182004,
        607627198,
        290970060,
        -1770570809,
        708822369,
        -858940318,
        223185862,
        1742750290,
        -1559507636,
        -1778331423,
        -1228518572,
        552602541,
        -437554344,
        1073121449,
        -167534582,
        -564031284,
        166882452,
        1922875675,
        -1353645053,
        2064478834,
        1477449492,
        -1911922434,
        864628402,
        -1607934338,
        1750452933,
        774297844,
        -502548246,
        1551894725,
        -468955914,
        -1994018128,
        -1420213157,
        628130368,
        1353469801,
        -1978667940,
        1780573913,
        965558428,
        -291603654,
        -485601103,
        1543204130,
        -143368794,
        -172499425,
        223386095,
        252413981,
        1574109447,
        764866318,
        1696842172,
        -2021713509,
        635575215,
        -898296219,
        1847187488,
        1236023351,
        574880314,
        -73098958,
        -1671094110,
        244250957,
        -1050849437,
        1340969939,
        208324415,
        1435679943,
        -1869145403,
        -1186176133,
        210688441,
        788508422,
        1967175186,
        156687616,
        1297261790,
        1919703115,
        -781285367,
        1048488048,
        902136392,
        -356665492,
        -1586129741,
        372191438,
        1350891490,
        1882441975,
        596583646,
        644621784,
        2074135885,
        1974619084,
        151249312,
        -493872065,
        2055733385,
        -639677177,
        -1076584766,
        1704386096,
        401064124,
        898756746,
        224713614,
        -395818309,
        304757360,
        354516600,
        15421666,
        -415861860,
        1719864919,
        -2121778413,
        1664667516,
        465649559,
        1520220701,
        -360034633,
        166278811,
        -1131121579,
        1237692468,
        -975383868,
        2051066955,
        1363435427,
        -2138888357,
        723020611,
        -610576725,
        -1224658579,
        953682832,
        -349550844,
        723628038,
        -669346173,
        1406356426,
        -688560438,
        -1759780492,
        1748704801,
        -1780216906,
        -1784349547,
        1077558601,
        -1888511300,
        20695334,
        -612024992,
        1431238689,
        -1302569491,
        -2094596477,
        -662925369,
        1305632258,
        1655413317,
        1949842746,
        -658185035,
        -255088574,
        -1562445644,
        -174325437,
        -92058747,
        -435838278,
        -1630707737,
        1179454818,
        1947221458,
        -1290732152,
        187653918,
        -1249056703,
        -130069352,
        -2051939473,
        9360232,
        54677544,
        759666608,
        1877089689,
        725800745,
        -1773761248,
        -1647295979,
        2089040607,
        -8072028,
        2038718984,
        567119544,
        53344178,
        -636407265,
        -1704732880,
        1365216837,
        1268885464,
        326521018,
        2011862001,
        -1615621425,
        -620961408,
        -534596724,
        1758247388,
        -1202389236,
        694651890,
        1977170206,
        -762794702,
        -252022845,
        1887567899,
        1295539099,
        -901671792,
        -1469265665,
        833250986,
        -395273698,
        1881934434,
        941319911,
        -593737456,
        1365982638,
        -1495215999,
        -1311517086,
        1179051229,
        -260226257,
        2021553693,
        -1453109545,
        366437932,
        -776592842,
        -1146721348,
        -584593948,
        1130669892,
        266451972,
        2135224817,
        601290434,
        -1995877402,
    ],
    [
        -832444341,
        -1616426092,
        -1563236896,
        544698559,
        1916047478,
        2040102305,
        -563732480,
        420644511,
        -278746843,
        1251839129,
        -221448653,
        189715285,
        402268503,
        -1635931620,
        -1014784180,
        -592068574,
        1973690246,
        1258981135,
        -1131637508,
        -456979014,
        2092519218,
        -753190607,
        -1371631142,
        1983663391,
        -1824843469,
        -929488994,
        248415757,
        966299385,
        774816565,
        295537573,
        -2118914156,
        2140991610,
        -1896246207,
        1215934207,
        174785149,
        -581850380,
        -1798095744,
        -984998303,
        1539994813,
        846726359,
        340159134,
        -821692560,
        379097154,
        -828007977,
        -1767081573,
        1657070856,
        191420806,
        -301876517,
        -1115391985,
        -882216419,
        1493428211,
        -586532279,
        816462447,
        -1317931321,
        110009889,
        -433345681,
        -313511444,
        1014935569,
        -1820350277,
        247372276,
        -705052513,
        -761635422,
        -1292832641,
        -306529181,
        891701378,
        -320176685,
        680340274,
        76256774,
        -1761917306,
        1119336988,
        -1383621570,
        262808972,
        1162242379,
        797342424,
        1116703664,
        -399513802,
        1461143502,
        29002433,
        272708726,
        -1875144796,
        2026473597,
        582946707,
        1348897779,
        2082366036,
        -1071133893,
        -1878269824,
        -152203867,
        1980700417,
        -40790018,
        -976239982,
        -613975158,
        -493070232,
        2122046539,
        -754075596,
        324077879,
        763370669,
        -1741689172,
        -1416129245,
        355330802,
        -1014621002,
        -871592753,
        -514749717,
        -1318643006,
        -346057939,
        -1068710465,
        -1572499791,
        977871685,
        844488099,
        -573229162,
        -60583922,
        -109988540,
        -221514168,
        1786310029,
        75142147,
        351035107,
        -1832061763,
        592780588,
        -1661963291,
        -1457637029,
        -61377070,
        -2081962535,
        682562734,
        360466746,
        1294526077,
        -1948642954,
        1542996416,
        -2131513686,
        1961209325,
        -1711127421,
        -22605556,
        -1404484867,
        -875168554,
        1575665762,
        -136056859,
        1097114312,
        -1761550616,
        957017355,
        -502852252,
        435779414,
        378967660,
        -1049609257,
        1621790025,
        -233964778,
        -1779942891,
        1930606339,
        1105025151,
        -1771088676,
        1537487454,
        63691370,
        82878311,
        899846592,
        1050568651,
        -2049760192,
        947799064,
        -1375748434,
        652323927,
        -1265881520,
        969422718,
        1654889570,
        1424996318,
        43294081,
        1632761286,
        1182156882,
        811946502,
        -1384996830,
        1910650549,
        717532448,
        1090032827,
        787557945,
        -1199133378,
        176307087,
        141624756,
        -516771746,
        -405287544,
        -1053969216,
        388958910,
        212583653,
        1355530452,
        1344998842,
        -49448170,
        -1538875355,
        1943197169,
        1122167115,
        2047317128,
        2001046298,
        1089993096,
        -254829813,
        -740565717,
        -388912027,
        -1437445773,
        -2140069957,
        -688087146,
        261113650,
        -220173812,
        -368865445,
        -261700424,
        1507417490,
        1449099202,
        -998168085,
        -2066557063,
        -1380652549,
        -1729910140,
        1614453341,
        1721799519,
        1576548647,
        1165636697,
        1684635917,
        -186652894,
        -615788818,
        1194165549,
        1597965627,
        217420166,
        -1932642713,
        1560789814,
        -1468100660,
        1688722985,
        1115426751,
        1026911680,
        897055666,
        -1867874954,
        473313106,
        1000870278,
        -1596130491,
        -567709454,
        -330393389,
        1930381720,
        -396037782,
        310471783,
        -1150202319,
        1696973750,
        499139362,
        -1526739354,
        -1588384617,
        2095999697,
        -1708623913,
        599999443,
        1885928888,
        -27056323,
        1149758363,
        1201095744,
        1976847466,
        1182715323,
        1183002083,
        1259428975,
        2060361620,
        557218459,
        1355377752,
        -559190748,
        114769617,
        -1571370703,
        -1336935901,
        178729548,
        732348405,
        1394364637,
        -772248496,
        179333579,
    ],
    [
        844175093,
        -1761554479,
        -426126788,
        -957814008,
        -62928069,
        -960024612,
        -1335545634,
        -2122901586,
        -1165877206,
        179378172,
        -1095717715,
        1607945778,
        -1459183811,
        -1596588881,
        1756723440,
        1359707349,
        1079016222,
        1937429680,
        -1034215981,
        851806237,
        -963993330,
        -2092225270,
        -1380754306,
        1147729557,
        411716758,
        1971406354,
        -969097769,
        -960794740,
        1611180046,
        693963571,
        -2043793096,
        -1339127185,
        -2090993094,
        -540110951,
        838120019,
        1822018483,
        -333907452,
        -488100681,
        276562029,
        684983713,
        2079738535,
        1220874592,
        586659860,
        1211738114,
        -312832911,
        453992876,
        -66087456,
        1404116334,
        1375567353,
        696334797,
        -1581814451,
        1203808473,
        1610017208,
        -1977679266,
        -1118535200,
        -1851333085,
        1773886979,
        -1709008885,
        2070411951,
        272597709,
        472349171,
        -1671484687,
        1524918099,
        -1153440747,
        -2057867560,
        -144524168,
        902545963,
        -252737795,
        2082393394,
        271104021,
        972595173,
        6535597,
        1188476013,
        338361905,
        616870331,
        850599257,
        1113883239,
        79429209,
        1784326050,
        -1110468847,
        -339671661,
        1664060338,
        858915098,
        -1045335818,
        -1213713471,
        1300617365,
        1019084519,
        106441414,
        -554572770,
        -465663878,
        -616286425,
        1045087496,
        1878248911,
        1121678709,
        1835527230,
        -335267118,
        -1367271393,
        -1317307922,
        -1897075417,
        1615271764,
        -1618263006,
        -651775267,
        -1573036110,
        -342227719,
        959456510,
        -1830957702,
        1833991898,
        -1663961100,
        159521082,
        516089161,
        -1471482345,
        1417661454,
        1472950250,
        2002574355,
        864459886,
        1817966057,
        -361171708,
        -1059480412,
        1288981949,
        1202930717,
        1465043503,
        1943828718,
        -1162165701,
        -1754847006,
        -1586397003,
        -1561253558,
        -2132095859,
        698866262,
        264500128,
        -323776702,
        730303936,
        -1326637709,
        995543623,
        1513226292,
        685522964,
        46097576,
        41961677,
        569617244,
        -1875473389,
        -1173771638,
        947373965,
        -6965105,
        1949864179,
        1879350309,
        -1189138374,
        1747322195,
        -245421024,
        761684063,
        1741026182,
        -2834378,
        -1867899931,
        1197709357,
        1108869936,
        -619119543,
        -1605950012,
        1707812556,
        -624942077,
        912985739,
        1602054633,
        -1611549572,
        -1227646657,
        393481649,
        -1506367553,
        -819431040,
        -1697622183,
        94826874,
        -281719275,
        -1673604203,
        -688012178,
        584181641,
        -2016332958,
        1748766047,
        -2117463842,
        -2057753911,
        -1385948182,
        1343686257,
        2144393881,
        -304569813,
        32671255,
        -1527857169,
        -1887709652,
        -1541994149,
        -995377529,
        1425643025,
        -133533395,
        1807692726,
        -408633564,
        763846272,
        2003023294,
        -295031820,
        -1259360787,
        -1389477712,
        -1810752461,
        -756730565,
        -1437529247,
        892024182,
        -1670912359,
        1669383628,
        459632335,
        1176681872,
        1096637023,
        -1975609495,
        1893196896,
        1068677344,
        -1388871908,
        1877828157,
        -1522019157,
        -278840582,
        472549939,
        -278228030,
        2036770581,
        -1557795038,
        1562142719,
        2129039342,
        -851897189,
        -348152555,
        1037438408,
        519774553,
        -717186986,
        382056439,
        -1835645040,
        -1225530180,
        709007892,
        143860041,
        1685619593,
        -117509296,
        1062718320,
        -1891417638,
        907921494,
        -492036499,
        851903735,
        1596058996,
        -2090111939,
        1703145086,
        -1333330366,
        2011226185,
        -539785115,
        1376137440,
        1132895167,
        834927345,
        -638915760,
        1666696380,
        -1258664377,
        1979826716,
        -1618197229,
        1013322008,
        1398760133,
        1764441822,
        1523043871,
        1843701595,
        959127276,
        -158440404,
        1667271411,
        756665004,
        -1835215654,
        1436789257,
    ],
    [
        1637330873,
        439536075,
        -169663378,
        413632592,
        -2127274078,
        -1529982609,
        -1584875555,
        807472332,
        529489076,
        -161933274,
        -2140136750,
        -22581834,
        600570883,
        371778628,
        -371237475,
        -1085221456,
        826100633,
        -312478076,
        41673464,
        -156419971,
        805426821,
        1951005079,
        -1828355898,
        936940992,
        -676206577,
        -2005944729,
        2075080498,
        795386489,
        1766705919,
        -922547355,
        -2110886368,
        -1892352056,
        -468406717,
        1127227908,
        -499311620,
        1157997924,
        -605645022,
        1674208686,
        1795294011,
        -883238702,
        1389745349,
        2045270593,
        517177360,
        -2004027609,
        -1270064964,
        893876260,
        101493450,
        -1787826388,
        -1557761404,
        -478459386,
        892355003,
        2081595949,
        -1746964650,
        1541376136,
        -110414945,
        -656655688,
        -618053774,
        1631811406,
        -1057473055,
        530898366,
        -2064509735,
        2005078616,
        -1418897789,
        1200198732,
        1896340577,
        -888667049,
        -1341022199,
        -971103739,
        2089665346,
        931129124,
        -1348905620,
        -1819250986,
        1460342140,
        -1998316309,
        424707512,
        1822424766,
        1751671387,
        1842225328,
        -1278069271,
        -2142722428,
        940285065,
        2099871662,
        1195856452,
        908410955,
        913475628,
        -1466233142,
        1917744222,
        -533183542,
        914255835,
        -1995820574,
        -2109345646,
        1744504299,
        -2072436385,
        1743787795,
        -271579430,
        -1447989210,
        1796368064,
        289243020,
        -2044033682,
        606972938,
        -379459256,
        -645169563,
        259496800,
        -1640386760,
        -1973435386,
        -601225905,
        1226135389,
        976424639,
        1717293980,
        -1351786817,
        -163664451,
        -1390498535,
        -538670748,
        -1289133174,
        545918046,
        332564926,
        -1107041597,
        1648163767,
        1845403059,
        1787070339,
        544663147,
        910185940,
        49957996,
        -1042542491,
        -1020996773,
        1408396652,
        1413653793,
        924750865,
        -682116663,
        -1473599253,
        1779660336,
        -186975353,
        -440763408,
        1365907952,
        1656950866,
        2043319991,
        -1013990229,
        -338605781,
        -759392890,
        1261982680,
        -1072877740,
        571555422,
        1525580506,
        2143667248,
        -1292033161,
        250693389,
        1269339810,
        -612742563,
        -121680178,
        973985578,
        -1707437508,
        -592427716,
        -1943724685,
        -2053920724,
        -639671352,
        -1318532357,
        -2043389997,
        -888253719,
        161740307,
        -821072576,
        -328546607,
        -590365975,
        -1399901635,
        709526779,
        166878137,
        -1451688800,
        -1787209426,
        -441150185,
        -1555117963,
        839362741,
        370776407,
        1244444276,
        1755425769,
        232765338,
        -774771472,
        230998655,
        1641294097,
        -863686219,
        -1213376050,
        157647582,
        -1031639818,
        1729215430,
        782137545,
        -437190988,
        -104180349,
        -953741562,
        1195087321,
        -736688034,
        -1739550924,
        1609188056,
        -1946856001,
        -441715422,
        -1742467712,
        -1338917672,
        72543741,
        960694496,
        170193394,
        -1092541309,
        -439440387,
        995645470,
        159758256,
        -163740021,
        -1176254809,
        948928387,
        -673113203,
        -1275542159,
        -1799355203,
        1741919393,
        550010696,
        1125999237,
        1441835281,
        219233686,
        -1145329095,
        557631593,
        218962526,
        1951010066,
        549296997,
        -1588258230,
        1255845700,
        -2144131776,
        1859849985,
        665151392,
        -1503713617,
        1254170363,
        -1249516441,
        -947089464,
        -945115719,
        -1472372671,
        -2040965148,
        2073844366,
        -105678601,
        2018421689,
        -222996580,
        -1251776328,
        447758476,
        1527332925,
        2001637957,
        -701212275,
        1773447121,
        1066929817,
        1121157402,
        1724263418,
        1407080294,
        2101576678,
        303609264,
        71892435,
        -1486852102,
        2120658421,
        -277748689,
        -1046046670,
        1704678606,
        -922970474,
        -229366637,
        -1342687149,
        -1829976291,
        -631911215,
    ],
    [
        -1207317045,
        1589424993,
        1091094030,
        577141596,
        -1864009038,
        341211957,
        -123733861,
        -2056025160,
        490166900,
        1058371150,
        463110709,
        -1983253989,
        -103874666,
        1373474892,
        562249058,
        628634770,
        1198174316,
        -1344072730,
        -1113243908,
        -247736331,
        -1035657117,
        1886925415,
        -902911545,
        -134969311,
        685730496,
        -670529808,
        -548614582,
        592403009,
        -2136293963,
        176270009,
        -1567903722,
        -909264080,
        324136100,
        127577048,
        2035930323,
        307007809,
        1182610115,
        -302492657,
        -1020448874,
        1546693158,
        -1238210071,
        585142781,
        -1625749316,
        1509835446,
        -1303060827,
        -1299546254,
        -287070661,
        -1189188989,
        1996228129,
        -1506796552,
        -930625976,
        417818638,
        -249821726,
        -376497795,
        -1242320325,
        2058765531,
        -1624113588,
        -1379674152,
        1492477664,
        1206222998,
        -1734325244,
        891258011,
        1883385025,
        -223830574,
        -1868080213,
        1545782921,
        -913229020,
        -350639927,
        157547523,
        -1246815554,
        590717485,
        -1191494702,
        -2019680082,
        -1468510348,
        -523336441,
        998454919,
        -2020971648,
        266596483,
        -1624837123,
        352427654,
        1193822398,
        880618565,
        1643282759,
        1117656583,
        -941829520,
        1664755627,
        -1840435034,
        -1768157405,
        -1824954258,
        1050973172,
        1806409648,
        1759835165,
        419158719,
        -1577375013,
        -1167732272,
        -1847664389,
        -808840878,
        -663498944,
        -487315418,
        -2127780635,
        -1335630937,
        -128646940,
        1763287087,
        -1207190714,
        679023582,
        536110190,
        414383341,
        2080193799,
        -1516410318,
        796473433,
        -2016216520,
        -136316328,
        764847260,
        1837143022,
        1583640280,
        1081621145,
        -112268515,
        1099785095,
        1486840498,
        1339245528,
        1926038882,
        29717462,
        -1540229006,
        -916661099,
        -1323006079,
        216048658,
        -285457813,
        -491516588,
        -1707608344,
        -623675947,
        -1924422932,
        -2099261571,
        -26664676,
        1318992042,
        520787296,
        1159017984,
        -956869919,
        -1755384116,
        62739324,
        661201470,
        -1221695442,
        230971879,
        1335263642,
        -454021029,
        -786228391,
        851538083,
        773037942,
        1512137332,
        1993689109,
        1356571936,
        -688508159,
        -1513586036,
        71972738,
        -1885030261,
        1245526341,
        -1620574070,
        -1056411177,
        -982607625,
        836438108,
        -1801480312,
        -660559315,
        1884105190,
        -1259967497,
        1351352970,
        -259817464,
        -343549167,
        202921340,
        1341642480,
        -1150443664,
        90725599,
        178329159,
        -1425005759,
        29426800,
        730301265,
        -1387953491,
        -1687113356,
        -1726794199,
        423929316,
        -1832493832,
        -1127145879,
        915780536,
        -1575181674,
        -1665980429,
        32102695,
        2091418243,
        626878430,
        1559580984,
        1458755468,
        -1152950412,
        -1782840912,
        2068934073,
        1669677391,
        159687304,
        917620055,
        257239659,
        -1190868744,
        105961934,
        -1138785893,
        707933839,
        -1280440036,
        704905056,
        82024831,
        -1513778491,
        -1443655636,
        224438385,
        -286295965,
        2126323516,
        -2086877939,
        1641779050,
        -289179433,
        1921748206,
        1325357574,
        1707514149,
        -1039251358,
        190905755,
        1880499338,
        -2120118783,
        -829254624,
        1878973234,
        462879117,
        223802241,
        1039607577,
        -985004257,
        437299845,
        -2087766977,
        -135059981,
        99621670,
        -1266380069,
        -1724441782,
        1759393000,
        -378840912,
        571621414,
        -1091070316,
        -1965338834,
        -1656610800,
        568668342,
        -294833417,
        -1471895329,
        -221423231,
        2039844119,
        -198725812,
        -1270927217,
        -901624205,
        761770372,
        -2104658523,
        324809991,
        -919014016,
        -1301065692,
        -1190513229,
        1085802413,
        563066937,
        266203293,
        -725079299,
        -784863336,
        -1170828459,
        -1035387235,
    ],
    [
        934177748,
        -675599863,
        -2064520452,
        -1441779186,
        -119711742,
        2019366742,
        -1375006735,
        1706158903,
        -1895433021,
        -667637633,
        -1665984478,
        437842099,
        -1129263429,
        1180609329,
        -1553485724,
        63779293,
        414054264,
        1998604403,
        1972924656,
        2121647947,
        -1170374862,
        -1463071151,
        -1065396490,
        1837944464,
        -1848585629,
        -1258052318,
        -522438242,
        187397701,
        -1388655984,
        1590250791,
        -383537821,
        -2063173731,
        1925997333,
        978304907,
        -2115211259,
        1235983657,
        -470690580,
        368225556,
        -379401397,
        -1736496436,
        93200159,
        948927818,
        -687503174,
        -1096056232,
        -660760043,
        -409179748,
        1487297845,
        -1707790385,
        1872332050,
        1510525847,
        563504058,
        920614180,
        2014996780,
        -1545611811,
        566452354,
        1962916267,
        1791762519,
        1807696252,
        2064863877,
        622125752,
        -863220618,
        1059707935,
        -1489944825,
        1572268779,
        -1301068026,
        -1206383768,
        2020400301,
        1620664161,
        28832284,
        226394081,
        -401062053,
        537960585,
        1530410644,
        714279378,
        -1140705414,
        1921497351,
        -294562909,
        1610780012,
        1427687338,
        -2044819417,
        -1483395926,
        1704763179,
        -642922834,
        -375059298,
        1471360033,
        1295670370,
        -1920428158,
        -681316740,
        1898665073,
        987084801,
        -758301329,
        601821714,
        1174523225,
        1934034440,
        378928876,
        -1949620083,
        218030679,
        -1696122397,
        1415352265,
        835150904,
        -1671573308,
        425387610,
        -1701025661,
        583940778,
        1886678976,
        -1776654611,
        -411295031,
        -1133746518,
        1681905019,
        -261211078,
        -102539430,
        -379664815,
        53451925,
        1432153244,
        -1581609708,
        -361451900,
        1115895263,
        -718684339,
        -905411840,
        -843549065,
        -1620513215,
        -1214077329,
        -720167764,
        879565340,
        -114443781,
        2133730449,
        -1696917322,
        501683487,
        -1693860498,
        -102969127,
        -1811532796,
        -1902380244,
        -284164382,
        -204509861,
        -692628382,
        -2124581281,
        -2101088176,
        900892001,
        -2014536082,
        -1667637607,
        1752700174,
        -1005558869,
        1238242484,
        -1055689747,
        1670562621,
        161460309,
        602423841,
        855268380,
        2020665555,
        864463621,
        -123271435,
        -1060182707,
        -1971823635,
        -619933724,
        1192439345,
        1871159185,
        2137765560,
        888262242,
        775350150,
        978755712,
        1058734267,
        -195792807,
        404589603,
        405008092,
        -402849554,
        1071254315,
        1172082835,
        -1369119929,
        1496046203,
        1799683304,
        -330764686,
        1712354826,
        -939687437,
        287951222,
        -356327696,
        -801154358,
        -1454907473,
        -1871678424,
        -222684874,
        1438787195,
        59879161,
        -1276289730,
        14190882,
        2060992195,
        61476809,
        -1944363775,
        -2054084571,
        -1026551945,
        461939953,
        -1278864507,
        811713575,
        -1767712143,
        778521694,
        -448466778,
        1448909126,
        -353017946,
        -527426994,
        -964809654,
        -270951563,
        -1780377759,
        -1588196975,
        699073964,
        1428961540,
        -1609253965,
        1065470808,
        -1059468532,
        1825617969,
        988388772,
        1654543675,
        2112002779,
        1695752320,
        -1232928499,
        1148611074,
        1695395958,
        1835753070,
        1461856712,
        -2035681893,
        -730695308,
        -828666238,
        -533038844,
        -1107721409,
        1735443246,
        -289628609,
        1295204876,
        2093121580,
        -258728966,
        -267266253,
        -1845004037,
        -1917210250,
        -1040424995,
        1772787436,
        -1198569929,
        1567844358,
        232606049,
        -210741521,
        1834796199,
        -354445866,
        1893781069,
        -1510587849,
        -1198490002,
        738519602,
        -463093987,
        -303192147,
        82340825,
        702152774,
        2146004782,
        -473051565,
        -60756889,
        2111872384,
        1497615076,
        1770434312,
        -1375118071,
        -1746341573,
        1874003954,
        872852876,
        -838789376,
    ],
    [
        1815287300,
        -200088006,
        1964226522,
        60331041,
        83990759,
        844953772,
        -1302225790,
        2031610058,
        1834766491,
        553309448,
        -1459451352,
        71181997,
        143239320,
        1847195953,
        -757249162,
        -1123235749,
        1618323247,
        1844651336,
        358084570,
        194746407,
        -421537829,
        -1249130545,
        2089341683,
        1748140245,
        -1640513054,
        703547256,
        -167249607,
        -402867131,
        -1456663574,
        1926939989,
        -840302280,
        1096072849,
        -2058601107,
        -2108193979,
        -2004500733,
        608364522,
        938494510,
        1795641719,
        936765604,
        1923124712,
        1835347894,
        -963747021,
        -499574068,
        1317687945,
        900582739,
        1231490218,
        710298524,
        -786958616,
        2059503730,
        907582586,
        -182872021,
        1245581586,
        648751439,
        -67490110,
        -82841739,
        -1831936938,
        -2082543594,
        -804537284,
        1593801582,
        -867242518,
        1737497009,
        858665057,
        -615150256,
        -105624881,
        901180876,
        -1370472066,
        527581261,
        902595434,
        -421987591,
        -1252297783,
        -442047091,
        111500502,
        1668250769,
        -108555252,
        463257327,
        1766343201,
        -934899981,
        -398059843,
        -246694425,
        -1977158674,
        -907690233,
        480022040,
        -389058896,
        -587203350,
        84193110,
        1368250641,
        1071953585,
        579999492,
        -305843780,
        -1772929788,
        998191457,
        -214361310,
        443804452,
        -952986810,
        923474626,
        -2077183891,
        -1960339877,
        1195051058,
        -1285521353,
        61612059,
        951066750,
        93391111,
        -983027203,
        1355729124,
        -1289912028,
        487207679,
        -465094287,
        2058365437,
        -162331439,
        -1836132550,
        -580996219,
        -357011367,
        1265887842,
        -1227212819,
        1251197104,
        1893278473,
        -803732548,
        1561746785,
        1443343349,
        114171658,
        -515101871,
        693003481,
        -989166276,
        -7753935,
        191887174,
        -1436585421,
        1795774910,
        -1900716301,
        -1638367143,
        -347575345,
        1975584623,
        1911699190,
        -1696418724,
        27386369,
        34528982,
        -1013884979,
        -1599004063,
        1232124727,
        915877963,
        1219133040,
        -915286794,
        1924058708,
        1831292202,
        864037415,
        788282385,
        911656271,
        -749903427,
        -281443093,
        -1873960487,
        -1692834316,
        69808878,
        556870365,
        -1059985456,
        -1426399028,
        1109615178,
        -211694158,
        -1671687780,
        472800339,
        899376875,
        -678911554,
        1029807237,
        -2070667384,
        -776575163,
        -1264392569,
        1691357037,
        -1958351043,
        1379288872,
        -1596327128,
        863770993,
        188689794,
        -1463638422,
        -532665330,
        -1190110140,
        494012723,
        -2134112401,
        -259802069,
        1635828616,
        2088395667,
        -505359164,
        1681483750,
        601622911,
        -977244999,
        -878148756,
        -977783124,
        -1115421442,
        -2131082148,
        1043475297,
        -1945599482,
        483984393,
        -1961807877,
        1566449382,
        764636236,
        1313685894,
        -1635657048,
        1756570331,
        -1743479229,
        -1344558745,
        166565641,
        -949650223,
        249270616,
        1966995791,
        -2053172341,
        -803202769,
        1645413420,
        -1431977640,
        -2146439247,
        -1137286211,
        1582224422,
        -419353609,
        -1300396538,
        1863704897,
        1521154143,
        2062137811,
        -984730517,
        923298463,
        764707479,
        -1022563993,
        1085366162,
        -1664057861,
        1529162421,
        1990781858,
        1288061232,
        2135036769,
        239594947,
        -700283124,
        -2098787478,
        -1827189845,
        -1494962475,
        -2138857887,
        -1247217875,
        1473717209,
        -896270358,
        1321124801,
        870251101,
        -1679940302,
        331238173,
        164262069,
        1743476861,
        -194817928,
        1336222491,
        -926274766,
        -292548401,
        1691730573,
        1886871523,
        -1979492560,
        1245886123,
        -797574051,
        1547545332,
        -516297299,
        -800386458,
        -1023205872,
        969701023,
        -1593469619,
        1443569491,
        -29309194,
        -1648248206,
    ],
    [
        -1088760393,
        1606338982,
        1306071409,
        103534468,
        -493252051,
        1983972030,
        -260030137,
        -595148271,
        1893610278,
        1255123527,
        1465630354,
        2095545013,
        1939355407,
        967354977,
        -1720771620,
        1395785725,
        -1702688849,
        -1009440217,
        1119043409,
        -727481014,
        -1299994516,
        -576859996,
        1056017800,
        218411156,
        1193681552,
        -315585662,
        1234055145,
        -821110011,
        949345298,
        -395058098,
        -1482609937,
        -1219355773,
        2074375319,
        -1059969444,
        1364678769,
        -839071911,
        -292978550,
        -1902084054,
        -544718129,
        994287066,
        1290291131,
        -1775825214,
        1061752298,
        -79533368,
        -612057393,
        143423096,
        363884731,
        950990685,
        -1742239381,
        1584719223,
        1954112717,
        -952859761,
        1950251985,
        1151938899,
        932512957,
        -1359107389,
        1354958082,
        97583562,
        -1771852612,
        -583109787,
        -738757383,
        1480095492,
        -1490569820,
        1570825421,
        1838685101,
        1381538403,
        -1881075236,
        1463336775,
        -390718102,
        1114471000,
        -1980553151,
        -1736237019,
        1198953426,
        -243988851,
        -13721339,
        1498567953,
        34934872,
        954637585,
        -1257135347,
        -1333679452,
        1007422730,
        92943248,
        1145561790,
        1979198865,
        753914445,
        1420321885,
        51775976,
        -1301895743,
        780082757,
        -301789257,
        -1388708391,
        1304186446,
        534269183,
        -2014963554,
        -887321415,
        1762501050,
        1579020054,
        402319079,
        480307045,
        1888561422,
        -979043625,
        -429991485,
        -1856028611,
        1590687558,
        -44092451,
        -2042330944,
        1337669405,
        -681688517,
        1709027053,
        102746784,
        -491050637,
        756357842,
        1373015674,
        -598916460,
        443268162,
        1564725311,
        1394285490,
        557104151,
        -49237376,
        126385613,
        -454956353,
        1864106184,
        936172837,
        -1432220227,
        1793778283,
        -1960418382,
        863964734,
        313240279,
        -67012633,
        -496774047,
        -1704318313,
        378781891,
        -566833520,
        1071471510,
        109651052,
        -565669382,
        800113652,
        923400352,
        -718192892,
        -1384857674,
        -1103440522,
        1492497494,
        529081002,
        -1759404860,
        716192525,
        -1528990884,
        -1306346800,
        2061903285,
        -131934578,
        431376501,
        989408054,
        -1225689099,
        -1102462938,
        -671735808,
        865648735,
        637580813,
        -1849419622,
        1347139027,
        946764162,
        1472469514,
        948465299,
        -925624723,
        -295430660,
        1240490028,
        1675569753,
        252678621,
        738125302,
        -15884811,
        -102679946,
        1274059574,
        -1304203179,
        552724521,
        -1922546454,
        523905785,
        124197079,
        -749284320,
        1045531101,
        1606215474,
        1385755281,
        666739321,
        -1516021477,
        -197471496,
        -328699728,
        130129346,
        791236078,
        -546883317,
        203647750,
        1635799317,
        1357141765,
        112812949,
        -308738757,
        -2015578500,
        -61032311,
        -876238557,
        -2040126824,
        -869625450,
        -1212765647,
        1090663643,
        1653733982,
        -479319429,
        -886931420,
        -1027290655,
        -1708355329,
        280641813,
        1808604578,
        -620894392,
        492983362,
        -1915468390,
        1067558581,
        -189948440,
        1385169089,
        -536373663,
        -1155025110,
        790192538,
        -1592191838,
        -222888638,
        1032295725,
        -2095847026,
        616990809,
        662303632,
        -262481583,
        909012073,
        -343560769,
        -1747600355,
        986240834,
        1611623328,
        -1361403006,
        384747941,
        1306923747,
        -479524772,
        -460575229,
        -1851957454,
        1843206366,
        161998912,
        -1775622408,
        167405181,
        -1814113686,
        555678971,
        159419776,
        -1278484159,
        706899523,
        507116638,
        -758519195,
        -2023163734,
        454789558,
        1583016978,
        1623000117,
        -1625453282,
        -1033660364,
        645730642,
        610855632,
        905467986,
        -1270993454,
        251390909,
        2059739406,
        1194369061,
    ],
    [
        -1292292450,
        2073315614,
        -531266356,
        -720183627,
        -1958570028,
        1160625097,
        71002603,
        -180394693,
        -552470605,
        665053090,
        742163847,
        584592339,
        997116389,
        -2058686098,
        1964499486,
        -135999209,
        -919111108,
        2066627822,
        445230308,
        383218107,
        1582641489,
        2141610480,
        -2072571003,
        330322977,
        1285050139,
        -1188755973,
        996344228,
        1476764305,
        -437514183,
        86875746,
        -71435818,
        -1131165527,
        805966837,
        -1196951239,
        1210173210,
        968517759,
        976848431,
        1757269227,
        -218045590,
        1220830373,
        22281374,
        1430232162,
        -1191870806,
        533052620,
        1919950040,
        1861291832,
        -1150655862,
        155078004,
        505711245,
        -1101497026,
        -694855724,
        -102047188,
        -1308676134,
        32140257,
        -1903554170,
        1790209256,
        615784743,
        1179628880,
        1545383988,
        -1622163768,
        568377469,
        -1878209277,
        -1255664984,
        -1148953048,
        995299890,
        761088480,
        1870074553,
        1969992812,
        1472862386,
        -1306876412,
        981976634,
        623265739,
        -736134966,
        -505325402,
        -221569369,
        1312978055,
        1830824053,
        1213664880,
        -1444492726,
        -132379862,
        -337644542,
        -708132010,
        -851809092,
        -2050226347,
        1659888244,
        -373233206,
        2055439371,
        1478563442,
        108339902,
        -1791808362,
        -515788909,
        1376754154,
        -1526985255,
        1508887596,
        1403396542,
        -1034847364,
        1030608175,
        -139103980,
        -938784110,
        254261404,
        1062354765,
        1635905745,
        -1115618988,
        -1308916950,
        1889597570,
        652772634,
        1238106967,
        -1537700996,
        -850197590,
        1954993306,
        1982996637,
        -1434006333,
        1608502339,
        -1973406137,
        33506692,
        -278587444,
        1886548392,
        -1016322022,
        684726732,
        1745829824,
        -521014247,
        335860666,
        1126094137,
        -1496841323,
        42090106,
        219771353,
        -386557059,
        1048186994,
        941693404,
        607766195,
        -1193638231,
        1695285885,
        1768943042,
        866416822,
        1249736575,
        279441017,
        -113256813,
        969090705,
        1251143207,
        -608959641,
        -720576844,
        -243784200,
        -1152869495,
        -528088937,
        2030207181,
        -2112880139,
        -2104616545,
        103291912,
        -2074182772,
        -1373628819,
        -275873952,
        374901085,
        -313597884,
        -1871735006,
        799586206,
        -2061315733,
        34002182,
        729031299,
        1131461777,
        2133269507,
        534462372,
        -656027453,
        1795380804,
        -683470507,
        -1980534442,
        1315832221,
        -1526984186,
        -442106329,
        -871593887,
        -1008049023,
        -843355582,
        -1294195555,
        1099191569,
        -1791579058,
        -107146255,
        -1419512875,
        771446533,
        940313387,
        -517075833,
        -848945525,
        -1033726608,
        -2099164865,
        -1416737965,
        1421866686,
        -1931086226,
        2095537720,
        1884016570,
        -1922434260,
        -61253371,
        131290542,
        -1747322103,
        1884379599,
        -1489612515,
        1802378439,
        -654423481,
        238158000,
        2024765861,
        -712165230,
        -754252079,
        2015374694,
        2105630222,
        267410938,
        -2088649369,
        73827305,
        -1022317308,
        1358465005,
        576998140,
        1764629168,
        1501340804,
        1205026299,
        -1128057846,
        1997737710,
        1606668805,
        4392504,
        -1562972968,
        -1227162797,
        -939486584,
        -2069825294,
        881030193,
        -1579307463,
        1479291058,
        -1505505896,
        1232558743,
        -430695119,
        1884318760,
        -1610320503,
        -2087225669,
        -802180223,
        812915607,
        1531328777,
        -85500450,
        -538676815,
        -460803184,
        2065048288,
        -1026461651,
        1301744028,
        -123315764,
        2047422215,
        2039275271,
        -1322323182,
        -1385687472,
        1977688508,
        59356148,
        -957937945,
        -427532102,
        -1583267807,
        1890005663,
        -824210052,
        1124798835,
        2007729324,
        1245564710,
        -895496722,
        130769479,
        1102234959,
        -958712910,
        -2840517,
    ],
    [
        -2045933918,
        -2001046229,
        1616339178,
        1966556239,
        1219543252,
        1554035338,
        -1491442175,
        758075039,
        2122077838,
        -1463427615,
        377039074,
        -1537777855,
        -1194748193,
        849649878,
        252700989,
        -378049284,
        -1477304510,
        769910086,
        -488765956,
        859147195,
        2142158328,
        1220598770,
        -591976251,
        -823728136,
        1301790887,
        840288452,
        1030060863,
        -1829210369,
        -1523844374,
        1341445032,
        -263208482,
        -2121131575,
        -1476724523,
        -234254626,
        -75570042,
        2041432198,
        1365852988,
        -765321990,
        1100798539,
        -295033097,
        1584569741,
        1996279796,
        2804234,
        -639001978,
        1002818289,
        -1727183725,
        1048481096,
        2083802227,
        -1363158882,
        1887829188,
        1404718149,
        1843995589,
        -996025856,
        731241132,
        1266210735,
        2005150024,
        138867313,
        -173277584,
        432614703,
        1585928954,
        -1494687983,
        854556396,
        -595955705,
        1727296512,
        83574722,
        -1101693396,
        -1438342491,
        -270957381,
        270884619,
        1827128943,
        1823443434,
        -621567358,
        -616645753,
        1632136330,
        -2073605931,
        -2087718638,
        1609270707,
        1018853593,
        604855751,
        -2103598148,
        1899028609,
        1967407608,
        263107163,
        1139420504,
        -1880770851,
        -1432578058,
        1312763178,
        371819915,
        -1187765651,
        -185005481,
        1379167762,
        1981329643,
        2079588463,
        -1772667847,
        -338619706,
        1098990848,
        -1682668216,
        1066857772,
        -2079417990,
        341537779,
        -476135765,
        1512195058,
        -955434068,
        -216692191,
        -2120725522,
        -1667472376,
        -126016111,
        1097110449,
        -1137801614,
        906909427,
        -592379384,
        -1000579309,
        -1785664437,
        1923160402,
        -901535515,
        -1888227712,
        -1366232826,
        160084035,
        -1195482942,
        572539806,
        -103856682,
        2081968078,
        2005094638,
        494978951,
        -2099593102,
        -1080326141,
        1188294688,
        838592002,
        1799518317,
        662499629,
        -1058103194,
        -943990281,
        -687315105,
        -2128859553,
        -2096020444,
        1864163342,
        -1906236437,
        707565461,
        -664861932,
        1098640717,
        -1580819981,
        -1297070259,
        -1602230078,
        -1282496752,
        1268411910,
        1468064483,
        842903816,
        -2068459350,
        -1746388354,
        819339764,
        1126976781,
        16015841,
        140772315,
        -816354119,
        1616695993,
        -1768449802,
        91421285,
        -754270870,
        1768290956,
        -1976667527,
        829685395,
        -685395207,
        78108510,
        322835461,
        867531436,
        1406447120,
        -359389706,
        -1936939197,
        1969864771,
        -12834039,
        -1772441820,
        749942217,
        -986264859,
        -455312483,
        -682612518,
        1880590614,
        -1107207796,
        1140792850,
        -1010907336,
        -254637536,
        -897177865,
        -1594764772,
        1986738274,
        -600676768,
        -2102621698,
        959611417,
        488701381,
        1493563905,
        -560917487,
        -1408377707,
        -140321275,
        -338382379,
        363576612,
        -873591385,
        -268236087,
        -1247038044,
        1923930203,
        -260221337,
        506572067,
        -452419304,
        -2048940693,
        -1090707956,
        728262332,
        1028311088,
        1385607156,
        2002434457,
        2133751393,
        616676742,
        2110252039,
        1402732607,
        346000954,
        1612273049,
        -2084096020,
        -1391521280,
        1860845767,
        741243028,
        2111383227,
        -114894721,
        -542779073,
        783542419,
        661997409,
        1018244048,
        -1245806694,
        1527004018,
        832365041,
        1004830967,
        -1837893195,
        -1392397860,
        -359548002,
        903209107,
        1772872621,
        1557723628,
        263424979,
        -1636868098,
        -1255054407,
        1638474141,
        -1848666007,
        1475177397,
        -1113953852,
        316489154,
        -562000889,
        -446943925,
        -729443375,
        -2031002210,
        -970239026,
        -218550656,
        70756624,
        -226410944,
        1882788283,
        1711141650,
        -884181492,
        -1140468200,
        -360372693,
        -1756974622,
        2144612302,
        1735553360,
    ],
    [
        407566177,
        -1093836327,
        497126928,
        -1447006284,
        -1511411457,
        902566921,
        -99094362,
        -1833428755,
        -1174855953,
        -461113511,
        -1319623352,
        1795795594,
        1993742648,
        1869721187,
        -1263635485,
        -1521588402,
        80356361,
        459671127,
        626628630,
        370101843,
        1274346184,
        -1683749451,
        1059717656,
        706112921,
        1399338702,
        -534186444,
        -1073686999,
        1947772575,
        523637783,
        -1495729019,
        1485780588,
        -1773536878,
        2031779726,
        -1167822379,
        -2133273933,
        13332502,
        -1029886880,
        -1040467897,
        -1027722528,
        -1159127083,
        823472427,
        2070492943,
        289123011,
        -1040207278,
        -869729776,
        1143713434,
        -1884844258,
        -2092588378,
        2129260750,
        -1243582529,
        590574082,
        -1490458314,
        536825660,
        -142731046,
        969570561,
        -35467546,
        1891009436,
        1579191695,
        906592713,
        -1310396283,
        262312752,
        498305017,
        364254435,
        880716472,
        1413328210,
        473282141,
        -668560943,
        965762800,
        557411293,
        2071690766,
        -1551311966,
        539652492,
        -372179726,
        1908168420,
        -1279356,
        595060691,
        98526797,
        -1714714516,
        537785744,
        -1235736521,
        -284643839,
        -1746511491,
        -1715377765,
        -1005838448,
        -1663111142,
        -1900582019,
        342790995,
        761205996,
        -1787955899,
        1090332189,
        -539417848,
        2101090113,
        1368527514,
        -2089848560,
        -98423287,
        92873343,
        -1942872412,
        303046410,
        905710563,
        1819393983,
        2144459702,
        1580267631,
        -1918374361,
        1820682936,
        -663705646,
        1147736990,
        575392449,
        1242125720,
        -1387633316,
        -1748816173,
        -2105453375,
        -1550695747,
        1130968590,
        420179096,
        1284373498,
        -1320252893,
        -1304577812,
        -1495786904,
        -1597272819,
        -1337875296,
        -206134563,
        -1087947068,
        -171046030,
        -988983863,
        1166868174,
        -679117729,
        405564953,
        -1350611571,
        798321732,
        2105435126,
        637685647,
        812992526,
        -874659111,
        -1219138989,
        1715358872,
        618951686,
        -2076938959,
        1141821198,
        -171010388,
        -1471847674,
        -646875622,
        1878249760,
        -78784900,
        38353872,
        1796642104,
        -1255376514,
        1438389183,
        1393817382,
        1494439085,
        126717520,
        1666560020,
        -1158414437,
        992658599,
        -1598906634,
        -1669946266,
        -862445283,
        -441776295,
        -1556441491,
        -33336223,
        -1463093240,
        -67653323,
        -489386042,
        1006333648,
        -84910777,
        -1730847212,
        -1169963682,
        795590728,
        1716999963,
        341064093,
        1122125780,
        -1288836586,
        -268808384,
        1085785828,
        -319282464,
        -273717230,
        -1208904411,
        375418182,
        -1880414630,
        1403331725,
        -1670485150,
        1301220589,
        -1826986523,
        1356377552,
        1967634641,
        -301462161,
        852297955,
        764930838,
        -304059361,
        -285671444,
        1365579324,
        -1287504289,
        2111613947,
        -1682453635,
        -778832367,
        -2028224807,
        999259941,
        -392207586,
        -1824710258,
        -477119139,
        -187781840,
        -1529419527,
        -523047619,
        -771236745,
        -1645317351,
        542929580,
        -344097579,
        -1305249660,
        206787096,
        1116624854,
        -298712364,
        -1373728569,
        91605335,
        -1266432810,
        70714220,
        885515529,
        -2018145874,
        648101853,
        156049367,
        -1218777482,
        -1312432818,
        1200128752,
        398961562,
        487643635,
        -1312520076,
        -2081191816,
        653828463,
        513563240,
        671461265,
        1580046716,
        -5139667,
        -118908565,
        -1293351044,
        1518238893,
        737783688,
        -529472290,
        1093510875,
        55690275,
        -46570135,
        -962365476,
        1144355256,
        1011906526,
        1632029362,
        1181133427,
        -1403573225,
        -103570494,
        -831833341,
        -1065672528,
        -149839998,
        -1452791331,
        1888964572,
        1309300739,
        -1060755398,
        2018576959,
        1447967205,
        1541294857,
        -1581615692,
    ],
    [
        -545665042,
        -1491118713,
        780459621,
        2120917337,
        1920521491,
        -1941016071,
        -1165900822,
        76833668,
        -247329045,
        2021193501,
        -505271220,
        1482300570,
        1048286484,
        823176138,
        528186050,
        -125465043,
        -1536096851,
        -2090582607,
        -53090800,
        -1188801746,
        360365067,
        272862282,
        -2015421315,
        -596776327,
        1475057996,
        767294330,
        -1404929573,
        -514557605,
        -913560690,
        -626669039,
        1521716223,
        -1597632004,
        -1339979054,
        1525576410,
        1745099993,
        260280924,
        97299085,
        -309041413,
        -2005411056,
        -1598914467,
        -639519869,
        1781704350,
        1322298871,
        178728567,
        -1574830430,
        899331031,
        -721776313,
        231011762,
        470984750,
        -1844800903,
        -486764614,
        1328793031,
        -487942907,
        864118838,
        352415176,
        532778088,
        886841832,
        -1549678253,
        -1305686072,
        1079376776,
        -873335864,
        -1499361431,
        1952527021,
        -1235813286,
        1255599770,
        -71761507,
        -301893320,
        -985558520,
        -96005276,
        -1207033814,
        -1494953422,
        1115890979,
        -1970198106,
        1303848803,
        1047456289,
        558053140,
        92124868,
        -1218421471,
        1392533693,
        -1398138848,
        -424042204,
        -1410898976,
        26789289,
        -741298427,
        900065967,
        827764355,
        1780271823,
        152499087,
        653642341,
        -475586923,
        1518992085,
        2082510820,
        -111315736,
        -1587754526,
        286729410,
        446817100,
        945947510,
        -381163700,
        287863001,
        1368164472,
        596345655,
        136883538,
        1588688223,
        -508136058,
        -140773623,
        1666148926,
        380375833,
        -186680105,
        -1614060802,
        1950254723,
        -290349448,
        -1786823011,
        1148166149,
        -138899293,
        1408089730,
        294021211,
        -378410617,
        -1597223554,
        -1567817248,
        -1001044028,
        -1671801379,
        -1442327799,
        1460739896,
        -901594947,
        326115340,
        -2144749751,
        681715641,
        -1392437460,
        247808113,
        -1421432641,
        -658149480,
        849687134,
        1037248380,
        -241288432,
        90336061,
        -960816340,
        -2122093857,
        -122614627,
        -1974999518,
        -176318088,
        1372216073,
        -152206577,
        -1405294314,
        1187413630,
        -2106465228,
        -1269327631,
        -1125135233,
        -636624969,
        -1925222539,
        -109703697,
        -1166402882,
        110153192,
        553656042,
        -1600141750,
        -1408353444,
        1924119797,
        -2123074510,
        2128719637,
        1294887281,
        267105007,
        -232284441,
        2049317387,
        1648273401,
        -1277283507,
        1362272501,
        755038443,
        -1512006938,
        875334693,
        -255648577,
        1223500066,
        -973948710,
        1119210340,
        -842233719,
        818464904,
        -915204116,
        -212173407,
        278907331,
        -855599358,
        1706342537,
        -1132693947,
        -1418045978,
        -1077704366,
        -1791653147,
        84836417,
        1410070117,
        -1076122131,
        -902266731,
        -1631419536,
        -1881782944,
        -1937475676,
        2021683506,
        1004687167,
        -1777384409,
        -1473391189,
        -629395479,
        -1731172071,
        -1287052819,
        437084152,
        -1118377523,
        -1965419706,
        1399694382,
        -78923613,
        -336463367,
        -1319608794,
        1278114542,
        2080737119,
        -1025902367,
        3376597,
        -941339378,
        1574760621,
        1489462247,
        -341108907,
        -1069039412,
        771292050,
        -27188038,
        -780515679,
        -1939729203,
        1790222949,
        -2066297872,
        1944502315,
        -364409244,
        1973750187,
        -1313176853,
        -1616879798,
        -391189337,
        -1029168404,
        1805582692,
        -1073490591,
        89228673,
        -519179290,
        1747397533,
        1852369481,
        -1893614293,
        -1908475985,
        1360317977,
        -604812360,
        -363966132,
        -1072364240,
        -442784021,
        -1576343671,
        -1293576873,
        -1221432724,
        30701515,
        1541417945,
        -1187238115,
        2077771431,
        -997812759,
        1644093257,
        -858729031,
        -2015660541,
        639576035,
        751089035,
        1221766702,
        1028445003,
        -1162159519,
        -1984725411,
    ],
    [
        -763812974,
        -1729297593,
        -833237037,
        -2079076871,
        1235066075,
        -771380938,
        -463209305,
        2024253215,
        1073726742,
        1295191583,
        287444841,
        -1486770574,
        -496734092,
        1019818438,
        1539655950,
        1882531710,
        1202439108,
        -395415965,
        -962885821,
        699493034,
        -1244387076,
        -124980287,
        -1386825215,
        942291050,
        -1823193522,
        1639388515,
        -844229142,
        -2122849933,
        -445639277,
        865971618,
        -1662305035,
        -1495050342,
        1586675292,
        -2024067865,
        530099281,
        95849766,
        -1530584264,
        -1863291423,
        -1960298538,
        615594971,
        299191432,
        172548263,
        -1686505606,
        -1638407852,
        -545385424,
        -1928507191,
        -946701446,
        51615226,
        2037320666,
        -94823326,
        1877395843,
        23110560,
        66071263,
        -79779844,
        1506843836,
        935364398,
        906921611,
        1327811771,
        -1122737466,
        1281075415,
        -1800420492,
        -366927328,
        -2042932242,
        -1368935327,
        -186433101,
        808358688,
        -1236404576,
        238693009,
        -1529837360,
        1698605787,
        -121390495,
        144036947,
        1780659671,
        -292259992,
        69105053,
        110431457,
        -1634444,
        -882998360,
        -492119994,
        894980701,
        10400793,
        818045927,
        2026581622,
        -1510592374,
        -1076300115,
        905588605,
        267944148,
        -1693836957,
        -533682763,
        -805172416,
        1800801966,
        -263379770,
        -179352893,
        -1996968122,
        1258031140,
        -81436609,
        -1250965178,
        857422561,
        522498131,
        241533940,
        1923108619,
        1913023173,
        1602609855,
        50975650,
        84442556,
        1496054804,
        1377569522,
        -1101834933,
        504734177,
        547236731,
        -1484039948,
        650538346,
        -1259916903,
        210151291,
        -2041938256,
        -17326023,
        1813194861,
        -1028200855,
        -43316468,
        1424265507,
        -256520815,
        1896534616,
        214698916,
        715613876,
        -595651948,
        -1407150219,
        1318135971,
        1910160100,
        -1026972647,
        -2005060493,
        166538541,
        -1723461532,
        1924813128,
        1834040120,
        -1255965450,
        1109537862,
        -270231977,
        1473608722,
        -1781424328,
        203734321,
        1066819074,
        909202881,
        -918438395,
        -1519259662,
        -1554149668,
        -522958544,
        168932735,
        -1296926854,
        -656009887,
        660148675,
        198475719,
        -629588308,
        1243047413,
        -1997062061,
        2040655642,
        436015511,
        -406785652,
        58394257,
        -908915009,
        -274718548,
        -397998522,
        -835994791,
        64188755,
        -799682740,
        2026551445,
        -1425938666,
        -1038101600,
        92041544,
        -953230903,
        -418999518,
        -1693493083,
        -45684749,
        -151355651,
        -1390207157,
        146184439,
        897685149,
        1633118868,
        1603341679,
        582611936,
        -1616112433,
        -648842121,
        556834478,
        1319380520,
        -1014780025,
        -998127468,
        -992060830,
        839543101,
        -553754370,
        140349580,
        385032076,
        855256507,
        303029857,
        -709852851,
        1458402289,
        2141381013,
        1618941718,
        -295169818,
        82201911,
        -123434161,
        -676697917,
        320350697,
        687185918,
        2063911212,
        -1967349295,
        985568199,
        -352464486,
        -1591319100,
        -663272846,
        1221580173,
        470747868,
        -118322579,
        -574762690,
        -127233004,
        1820374253,
        -1331359594,
        110398910,
        -1635209599,
        1101975736,
        1091345333,
        2132113432,
        332966814,
        -579873836,
        -834405075,
        -974179494,
        1969586528,
        1614653019,
        1030132243,
        -699973046,
        927534879,
        -542317291,
        -1060745400,
        -269876864,
        287006310,
        496006413,
        -178935379,
        -460350159,
        1811394299,
        1867525414,
        1220661995,
        -2115233810,
        1937040233,
        -1578321822,
        1149161866,
        -975593669,
        124131697,
        1164062475,
        1919869159,
        -699706791,
        1068636953,
        -269918620,
        1143739477,
        -532154912,
        1330561183,
        1878246037,
        1217401607,
        -1669942053,
    ],
]