[
    [
        -1746154256,
        125160616,
        421723184,
        93015883,
        -1545320374,
        292060616,
        890586553,
        -1170308514,
        -1119048096,
        -620200104,
        -440123403,
        1057901832,
        -1976738808,
        -52942060,
        -1804873858,
        -1740219192,
        785614298,
        914950379,
        -74887411,
        1061618247,
        1189238227,
        1078976210,
        1111085601,
        1491735873,
        -1055536453,
        -1584281070,
        963818863,
        -99284584,
        -417256454,
        971468120,
        -1187808354,
        617909989,
        -1791694580,
        -664774058,
        1966622696,
        -1718046718,
        1089333070,
        136010014,
        343403178,
        -1660095652,
        1206474246,
        -101877023,
        -933472498,
        1355113079,
        657473112,
        1892645692,
        -1187618680,
        -1731295926,
        1840487914,
        1088295047,
        -2109234519,
        2023259748,
        664826945,
        -1793274658,
        647104857,
        507123435,
        53495892,
        -2055299287,
        -704854692,
        -645796495,
        38891892,
        -1153702996,
        2019657619,
        1682593348,
        1478115998,
        1711653325,
        -24325575,
        -431850128,
        -1671214939,
        -963925028,
        1882971424,
        2126026175,
        -1388710973,
        -1203972838,
        -626079157,
        949319776,
        -340768764,
        1247898706,
        -1900540550,
        -675608816,
        794934755,
        1577723589,
        -262153856,
        -209068393,
        1401497069,
        405500636,
        2113287656,
        -1605822088,
        -1739447040,
        -1537617111,
        806922565,
        -1104337274,
        522481654,
        -295267659,
        254963520,
        -744882794,
        824839414,
        -1251513555,
        -121023309,
        636798793,
        1569962649,
        -664105454,
        1219704165,
        -224043479,
        318877351,
        1086641370,
        -1223727305,
        1725522525,
        1925011451,
        179356272,
        -1674214272,
        -183441432,
        -1981554461,
        -29323547,
        -1163874984,
        -894936381,
        1518796186,
        -649717102,
        170475270,
        1843068167,
        2109075923,
        -728773689,
        1485017849,
        1357535078,
        265927372,
        2013471160,
        -1278135666,
        1280918154,
        1720409774,
        -1291276989,
        1702755665,
        -569575499,
        980238957,
        23560015,
        -2096267867,
        -1039737779,
        -969020083,
        523284074,
        -1191380049,
        -639600563,
        -936120870,
        -2008989907,
        162354037,
        1718138619,
        -1003625394,
        2015139534,
        -633249578,
        224169168,
        556717679,
        1787277553,
        720587352,
        -118750799,
        325012806,
        915435327,
        757084222,
        1477877152,
        893985200,
        1786909617,
        496033073,
        -493907150,
        -133328636,
        -462404491,
        2088383669,
        -771606168,
        868574747,
        -133610166,
        -205771926,
        -763926889,
        -1247535482,
        1829850051,
        1691205186,
        -897861934,
        -655104944,
        1320902534,
        -1054732334,
        -1971406886,
        -365649927,
        -876004481,
        -1106489458,
        427473234,
        28266936,
        565445400,
        -1485991374,
        -1872514068,
        1089740021,
        90904136,
        -1327143651,
        -1794509486,
        1484014884,
        177213557,
        976883730,
        -316902226,
        -997490775,
        267601833,
        -37865278,
        -1054092100,
        1383565345,
        1212558440,
        -707330553,
        -6111531,
        -747457151,
        -962263142,
        205504817,
        -1622461897,
        1717003062,
        28710129,
        1594766983,
        1689206689,
        -1399574012,
        -550812413,
        207584521,
        643049317,
        -1023956592,
        894196250,
        -1335636679,
        505240978,
        -1080107809,
        223385461,
        -1869160253,
        -1304111844,
        -279197033,
        -1227649349,
        -1906851464,
        -619486822,
        1355818519,
        674960712,
        829316323,
        1559864306,
        1801474119,
        -1083635656,
        616482437,
        1671822306,
        658518336,
        737061330,
        1090167967,
        -1792729037,
        450284050,
        -159043264,
        185851913,
        1897296895,
        -1531860676,
        -1656716166,
        -1977973321,
        -119364064,
        -5902071,
        -1262086663,
        1659384740,
        -1698182436,
        1591289906,
        2069963571,
        -1404671593,
        1125123377,
        -1550037676,
        -1053098490,
        55935648,
        2145170486,
    ],
    [
        -288002669,
        1127801358,
        -539095474,
        833133124,
        -151012020,
        -1978732994,
        -533710211,
        -452314857,
        1074755574,
        532169457,
        767278857,
        161015454,
        -600472977,
        200209045,
        -531338700,
        -368114393,
        -1044886496,
        804191172,
        -1559302576,
        1173812243,
        -1493625490,
        1336881212,
        1107981757,
        -656239289,
        -1623196281,
        1673452598,
        1902845677,
        -1584730338,
        -533158600,
        2003333307,
        998267865,
        1473848180,
        150346723,
        -1823165890,
        -2025313982,
        -966464336,
        1663146444,
        -1530881855,
        -114717339,
        428841376,
        2020028724,
        1696748825,
        1468164306,
        -1653126807,
        482548799,
        -1526088176,
        721680262,
        -2137693777,
        1211829044,
        -885417539,
        -100231231,
        -1424127415,
        48157724,
        406293846,
        -203878486,
        -1938948958,
        -873208801,
        -735578231,
        1106053675,
        -1165564612,
        68868299,
        -1818453468,
        -423280184,
        -748801170,
        756569318,
        -1072149944,
        276194709,
        -643797388,
        -1898504530,
        1197526791,
        -697381069,
        993366939,
        -1624835163,
        -1257823708,
        1644706759,
        1361208864,
        -699704582,
        472058528,
        123227705,
        378627989,
        374699925,
        -1532108424,
        545535962,
        90753603,
        -2057046017,
        1238239322,
        1983304365,
        -2115467813,
        -2087992248,
        -1844900299,
        -569587971,
        432380626,
        657673595,
        -1147676835,
        181510345,
        -831176768,
        242822428,
        736584902,
        235964535,
        1241675471,
        -903513804,
        -292721582,
        -357148186,
        387167994,
        1349169528,
        -1207349848,
        1883203731,
        -1608461714,
        792327694,
        -650991349,
        -1682950940,
        -1776839989,
        -2103663216,
        1880017150,
        1512382309,
        -853365684,
        222169300,
        358792760,
        -713342812,
        -1505053128,
        -2144682922,
        -1181843602,
        634329313,
        -474536678,
        1976136707,
        470850117,
        1899458938,
        1474985995,
        1923794060,
        -25235639,
        -2039878710,
        834977102,
        947668083,
        2004106882,
        846146999,
        374096919,
        1117388543,
        2015747811,
        -1464971969,
        -1301687773,
        -1525354177,
        -1426516426,
        128534767,
        -1426182292,
        551922738,
        -235789832,
        1875433195,
        1791581783,
        -479117232,
        -346120718,
        -777550647,
        -1365076564,
        1552177093,
        -388724404,
        -992113388,
        2098460953,
        -1823708607,
        1357240248,
        -1691616063,
        -12034870,
        927767108,
        896732304,
        234731203,
        -567762239,
        -7039494,
        -1842453136,
        -346692260,
        -887382556,
        -1510501057,
        -1699530365,
        -1936884848,
        -1372562425,
        -466384969,
        1405776990,
        -524686982,
        -122442412,
        1185632133,
        857121102,
        -1343321948,
        1237721119,
        538004465,
        1216755076,
        80517015,
        -2008245740,
        275953741,
        -149951736,
        1142521249,
        600802740,
        -1462195367,
        -67299221,
        1916870929,
        -278325757,
        1744469904,
        495449899,
        -571520914,
        470563629,
        1389206071,
        -318930981,
        979379794,
        278973248,
        450972395,
        -1597254960,
        866091711,
        1690932198,
        -2020348255,
        -738120960,
        307748488,
        536809607,
        -628119788,
        -1687306849,
        -1948608572,
        869025540,
        -1859774570,
        -1252687108,
        374479852,
        22133021,
        -758631767,
        1401866929,
        -192416044,
        1215210121,
        355319321,
        -899523764,
        -778736923,
        -1148766375,
        -1142451249,
        -1953696888,
        -1301212037,
        1377167030,
        1912522871,
        -66706674,
        1905685973,
        -388185304,
        -1632481668,
        -1259393138,
        -1248794770,
        1241445932,
        -409499503,
        474452026,
        -414954526,
        -1498834454,
        -671146599,
        1601566536,
        -1730317185,
        -358169823,
        -1325538101,
        1634080474,
        -190759117,
        2057667539,
        46581384,
        2146298278,
        -1359967021,
        2122885263,
        -417148949,
        -6674743,
        -1617163567,
        1820580430,
    ],
    [
        -1076212560,
        -1125324814,
        -1604604909,
        -426122098,
        -1946015377,
        1487335899,
        1698521603,
        309651650,
        267292595,
        1874290054,
        -161254875,
        2147463514,
        -1523557699,
        61399040,
        525562210,
        391274591,
        -1093390122,
        1889287673,
        1879435900,
        -685648222,
        1370209738,
        672781204,
        1615885557,
        -2018805894,
        -296065182,
        781087438,
        -1796009353,
        -748933716,
        214352262,
        -1643130755,
        -785614361,
        1628215085,
        1259851344,
        1122762576,
        1198402433,
        -1517031995,
        1339243803,
        582598785,
        -824475369,
        508367887,
        -1416255496,
        -578598600,
        256286650,
        1969334912,
        767110298,
        -899301077,
        664778330,
        1772495636,
        1595591175,
        -942677360,
        -2028376093,
        -562942189,
        1587866800,
        -2063339435,
        -47321990,
        -1971411151,
        1022188475,
        -1792726716,
        252632713,
        -1382025881,
        2108785845,
        1663470045,
        -534083989,
        1196596106,
        -589388527,
        -946622897,
        -690198453,
        -1457852803,
        -1857156741,
        -1681003359,
        -898142832,
        1764388552,
        -2014126659,
        -349865110,
        1140557110,
        -892478791,
        1952784794,
        -41330781,
        -1394887031,
        1531929342,
        -347716635,
        -1187678125,
        -1565870020,
        -1232949879,
        949052266,
        1818617659,
        1731609233,
        502213353,
        -2021138540,
        -1238889803,
        1692537641,
        1504911637,
        289721385,
        469217991,
        -460014199,
        2056157926,
        -2017764188,
        340781309,
        -850527795,
        873350878,
        -267821086,
        -1689246085,
        1811603430,
        -209391968,
        -940684887,
        -1725441668,
        -1089744192,
        -78410421,
        -1732526370,
        -1366775757,
        275542273,
        1564387113,
        1270935759,
        -1275137263,
        -12644978,
        -1084376477,
        -1246030707,
        -1124294804,
        -10358714,
        513824284,
        -1131208875,
        1760059579,
        -336540519,
        -1453947424,
        1523343989,
        852537203,
        -1044571263,
        738427338,
        -1533131874,
        1418092238,
        2135923500,
        -1007178103,
        79490112,
        1081733823,
        1140845888,
        -1147981716,
        557721788,
        1696519481,
        349632655,
        -1042747175,
        1169087661,
        312028829,
        1669854083,
        -622745286,
        -555036768,
        1446825745,
        -1190826125,
        -1154583043,
        -486870276,
        624280141,
        -1983562533,
        372607205,
        -2113256942,
        1511263950,
        947305974,
        -300457328,
        -999670429,
        -1277388781,
        -740230850,
        -641580234,
        -535384327,
        697564642,
        -373520143,
        -2128392046,
        610754004,
        952910751,
        -1259270694,
        -1219379650,
        1387568572,
        -634993273,
        1187254684,
        -764369437,
        1242296536,
        974638504,
        -639943684,
        -904783203,
        1232052137,
        563896925,
        -1374501100,
        -30153141,
        -1956381553,
        -392680417,
        746219501,
        -1115752588,
        -56276406,
        -2115810768,
        1396906727,
        -245935782,
        1905122824,
        -1492124077,
        1469228100,
        -157690110,
        -70103949,
        1082130707,
        -802049669,
        -1120879978,
        1111074631,
        1802324264,
        -1677315336,
        -1966903474,
        1872342065,
        -932744209,
        -909680454,
        -509497368,
        204077056,
        -1068248427,
        -1329112869,
        -1676828704,
        -2044841975,
        9048989,
        -1815305638,
        785747206,
        1045692335,
        -1084531946,
        -1079556732,
        -2037608843,
        -1277781473,
        106761230,
        -459358534,
        90459241,
        925283700,
        -874735798,
        -1962632556,
        -1777607773,
        997673282,
        1199334219,
        -906939414,
        -1193851702,
        -1431340778,
        -1370283991,
        2083576257,
        -1204666464,
        -249979165,
        1926100641,
        -710480446,
        -88796303,
        -2048587485,
        1164576427,
        927004466,
        1481888183,
        1921281499,
        1339374560,
        -1340722348,
        358134599,
        1763159940,
        734135578,
        -1293819356,
        -1380163491,
        2002762804,
        -2083377611,
        515163830,
        474477706,
        1687673575,
        1839055950,
        1564668985,
        -94106927,
    ],
    [
        -1316914618,
        1224513429,
        -278270200,
        1193127194,
        -578159022,
        -1820838395,
        299203374,
        1343366431,
        1606965252,
        1816572111,
        1264771753,
        904964501,
        -1658014333,
        -1305161802,
        -355633563,
        -1382242662,
        -1192363352,
        2142501327,
        -729870302,
        -1644994631,
        167886115,
        707345735,
        1768751299,
        -2057020716,
        788974352,
        -367377644,
        -892448431,
        299813274,
        -1640542346,
        -706720447,
        -1841637403,
        -1814823153,
        -1088679693,
        -153811516,
        -1980168264,
        -107943607,
        -1116368772,
        -1037263783,
        83627563,
        288504705,
        -1998193887,
        -1487162918,
        1889995638,
        619981999,
        -766628801,
        2052697691,
        -810089550,
        1021988282,
        -848846835,
        -184747063,
        2105728754,
        432096688,
        -1132492141,
        890525060,
        1417545384,
        288617156,
        -633582055,
        524003645,
        776519717,
        -136725419,
        1586203842,
        -337822943,
        229223888,
        619734596,
        -1097589235,
        -1489933901,
        613475895,
        -268546132,
        732556443,
        957058526,
        -1670949936,
        -878214104,
        -1368587286,
        -1096800656,
        -136169741,
        974118404,
        251443103,
        -698550950,
        1774225149,
        -1427274998,
        -1359766483,
        -159737257,
        -777134517,
        824982001,
        -1131632570,
        -1807565085,
        -1495615159,
        78708446,
        -1795971957,
        288628894,
        -503487710,
        -1886330350,
        2026649034,
        -711881573,
        -1073459502,
        -383592523,
        1862867003,
        -1053922178,
        -828130953,
        -1437882478,
        691572521,
        2100916799,
        1202115867,
        168756458,
        -404304322,
        1785071571,
        -175776024,
        1926144582,
        882388248,
        1303114808,
        -663350075,
        -2137524992,
        -741124652,
        -840590750,
        562392238,
        -902629882,
        -144802222,
        1412155507,
        1423927378,
        624489224,
        181847058,
        -347235174,
        154885766,
        1764770092,
        956123992,
        745485054,
        1243715763,
        1572356470,
        1660499621,
        -903836881,
        1531451378,
        -678017895,
        741305824,
        1388427406,
        -1047718179,
        1640320437,
        -1315530276,
        2033324846,
        -1806440513,
        1566098182,
        157288815,
        1684204193,
        2005945763,
        1403852973,
        962168572,
        -1264088022,
        -225394406,
        2051822552,
        -468320434,
        701949620,
        1214088969,
        -1814884294,
        265187674,
        1299119226,
        -223874267,
        1791014588,
        -1270368015,
        187808066,
        994549488,
        1778292648,
        42286321,
        -411979451,
        -713492664,
        -1368858259,
        306454282,
        1173828076,
        -884166049,
        -564978350,
        265238943,
        1071117450,
        871349185,
        1839816218,
        1393660046,
        -1220521281,
        -1423721743,
        909440877,
        89644788,
        747056296,
        2087477263,
        888493919,
        -789608708,
        -1849897314,
        186617749,
        -295963048,
        2135839146,
        -554349200,
        -793956992,
        107908537,
        -1727957677,
        -1877938239,
        -1246367086,
        -257131192,
        2086261937,
        94839462,
        1038648803,
        -827911810,
        1337854561,
        -434682851,
        1604848390,
        1516900914,
        501413618,
        1765142563,
        1385297993,
        -1670400917,
        2120530345,
        -387048859,
        1937894549,
        -29981050,
        429827289,
        413001426,
        2052424630,
        775262934,
        -560100423,
        -1366904164,
        175019328,
        600548046,
        -582716983,
        -66851420,
        -1604870334,
        -1871095504,
        -1596404002,
        -70962444,
        -1860278702,
        -909259639,
        -1320339428,
        -134405536,
        -1470196649,
        -1478628482,
        1300556689,
        -2028665740,
        -1565764025,
        1656048359,
        176233404,
        1290016242,
        -469929677,
        -747394567,
        385174361,
        53457513,
        1115044429,
        -464090319,
        1316784449,
        -1177055624,
        1006756860,
        877164585,
        670171971,
        468799315,
        1017738001,
        -128561957,
        124412552,
        -1094265945,
        1155787373,
        1449953729,
        -1737739495,
        -332875360,
        -578970064,
        217654882,
    ],
    [
        -122582977,
        -1476847575,
        -1695934310,
        -541904851,
        -609815296,
        216266310,
        -832041832,
        -120166384,
        -586858609,
        -59942025,
        851474564,
        1752003703,
        -1948604320,
        256369303,
        -994912191,
        1615662490,
        494470533,
        -2047082534,
        1065740758,
        1874407239,
        -1235045175,
        1929153659,
        157448210,
        -86220988,
        174898559,
        990631917,
        -444339255,
        -1603420974,
        1861198827,
        1179640309,
        -1770203435,
        -1799257981,
        1258071530,
        2094081537,
        -1255532069,
        358115173,
        1039796756,
        113551640,
        936280860,
        579863359,
        -1461212564,
        -378043281,
        -615316036,
        -1801045084,
        -1455237200,
        35483026,
        958974196,
        -1046245574,
        2044339137,
        94963487,
        -1824214990,
        -1161444119,
        -1485390,
        1138614667,
        -78726795,
        745558724,
        -542476677,
        -446516371,
        1410520239,
        -1173133215,
        -1464446952,
        -194399975,
        631694011,
        -293728496,
        1004927437,
        -2119421994,
        -1910729706,
        -738023096,
        1638631733,
        86590171,
        -1833775667,
        -280206796,
        -178820057,
        825616848,
        -2146968118,
        306520531,
        -439073619,
        1058013928,
        1216273037,
        -159659969,
        203616273,
        -1601105137,
        1661946368,
        -1900867871,
        -458934656,
        -675480400,
        991458498,
        -1366620730,
        953402487,
        366590464,
        775080590,
        519686007,
        -165576287,
        -545380641,
        -1768583306,
        -1755733845,
        267793037,
        1218769911,
        1219629682,
        405977822,
        979228578,
        1089634187,
        -443596727,
        423677513,
        -507797966,
        -882101048,
        -1597048656,
        1148344399,
        -155062518,
        1944231694,
        1182564208,
        873965214,
        755689602,
        -751456047,
        -1851575341,
        154342584,
        1938706360,
        1811990117,
        -1433704646,
        -2004002039,
        -1260909455,
        -1352152095,
        -1530126654,
        -1235132133,
        1890303865,
        1701611138,
        -817494482,
        1198843867,
        -571045685,
        1461602516,
        -1840400043,
        -1191120689,
        203380768,
        -356611042,
        1877588011,
        1230407466,
        202985342,
        1425817123,
        -532196875,
        2094452884,
        1887633593,
        -285435302,
        -126429784,
        -299613710,
        1645533136,
        -973088011,
        1507979322,
        572241585,
        966682220,
        833111996,
        1176557930,
        -2082358593,
        -1192820412,
        1373650248,
        452806549,
        2045151605,
        -1518070748,
        1089141287,
        -257306516,
        1063001673,
        633805507,
        -2065119096,
        -831699967,
        -283833814,
        -656048354,
        728542206,
        1424700160,
        1002910337,
        -545785227,
        -2042758116,
        1349700007,
        1992935890,
        23389292,
        1553118168,
        582434074,
        -961278245,
        1784646783,
        -1766580903,
        -783227930,
        1328376985,
        -220662333,
        2008241507,
        -261219354,
        477981093,
        -44442083,
        1608489845,
        1888344373,
        -288778732,
        398916121,
        381008247,
        -1753046923,
        737124002,
        -160133331,
        1428352608,
        -1864844706,
        1687555682,
        366297322,
        -624714692,
        1766892529,
        639440095,
        -1646975809,
        1843794751,
        -1260266591,
        1087847901,
        -1588452179,
        786809297,
        1723477598,
        449985207,
        1748662882,
        2124330030,
        2010981224,
        113758868,
        792929712,
        -1357225110,
        211304957,
        -1992753912,
        1398509838,
        1305554492,
        1086385969,
        -758882349,
        -913873864,
        -393906855,
        1852557633,
        -586386601,
        -258667763,
        1321681711,
        -1202493878,
        -661554619,
        -560811361,
        314178325,
        1397677732,
        991633190,
        -34280095,
        -1427755255,
        -839298089,
        363468017,
        -422979641,
        -44415068,
        627066331,
        1382278094,
        -1582595362,
        -76241222,
        1489390638,
        -1021042323,
        821998419,
        -1032894987,
        -11511902,
        -1560393390,
        200994116,
        -805241086,
        -1194229175,
        -1539617360,
        -930803078,
        362918026,
        1850956841,
        -1016693491,
    ],
    [
        -2033282908,
        171518425,
        -63085374,
        1704939429,
        -1406313325,
        1048527799,
        -640209886,
        1410829333,
        48215733,
        -1348203267,
        -1877312448,
        1815542481,
        -1609579565,
        168743060,
        416426774,
        -2012752011,
        1563520838,
        186704419,
        468706038,
        -1686634321,
        110714256,
        1339006143,
        1891756156,
        2075193911,
        -629547888,
        -1073570200,
        -1019133996,
        -379911728,
        1294589418,
        1070501565,
        -812234339,
        -1890996596,
        -435569926,
        -391710027,
        -1340572424,
        411338040,
        -465771865,
        1049050010,
        661573750,
        -1569424855,
        -846437560,
        -586800511,
        -1651019908,
        432463406,
        -442977680,
        1150279184,
        704407465,
        587934113,
        1722914903,
        1440099424,
        744398364,
        -726422328,
        -1492544810,
        1024744346,
        2044858690,
        -379328446,
        -542351943,
        1970377468,
        833222323,
        -2108831154,
        129984255,
        -1767825282,
        2068525854,
        -1968532579,
        -1865678793,
        2010867939,
        -1767746695,
        266231758,
        -1955053468,
        1786301308,
        1748447087,
        -1983039618,
        -184112263,
        -52651273,
        -951242610,
        -496206526,
        -1795421765,
        -1186547201,
        -1834676880,
        1538876554,
        -912392562,
        2053936897,
        2071291008,
        -1777548634,
        -1871208365,
        -1084354668,
        -1739827821,
        1754875246,
        2088751315,
        -765119472,
        -1632980061,
        1295833994,
        1046668494,
        1993970526,
        -2027881891,
        1120913849,
        1675763858,
        96794545,
        1576019018,
        85300860,
        1332005125,
        277672236,
        1444835805,
        -675745715,
        1438111147,
        -589466998,
        219257787,
        1238939184,
        -537548553,
        2010391360,
        -1675929496,
        882868072,
        1215703999,
        1253752486,
        -1897577427,
        -639446976,
        -1049716332,
        1560819278,
        -238613390,
        -345061821,
        206674980,
        -2033846697,
        -2010054478,
        1656735800,
        -566551934,
        505166815,
        2107032488,
        -497191887,
        1734447064,
        -641009254,
        1439643375,
        95005527,
        370019263,
        -2102014792,
        -948727081,
        435624732,
        -252664856,
        462196288,
        254302725,
        -2015935902,
        -1937285603,
        1412713094,
        -598000292,
        -139071626,
        602688813,
        -857634314,
        1617107574,
        -386680714,
        1745469454,
        118636345,
        276171047,
        -646303614,
        -602738615,
        -354967457,
        1996722831,
        -961421325,
        -1902422480,
        -1092641434,
        845280989,
        -361856252,
        -67784026,
        1023761100,
        106540648,
        -491564558,
        -1988265777,
        1581185355,
        245335956,
        -1194111777,
        1204537923,
        218630632,
        834355709,
        1542313957,
        2094466421,
        -1312798703,
        1667944410,
        1550178901,
        -564687135,
        305702442,
        -1625705405,
        -1431207022,
        -1625835356,
        2051671559,
        -685707589,
        218148713,
        -476117441,
        45036307,
        -241448305,
        -410179757,
        -584878158,
        -226136116,
        -584327323,
        -1220552865,
        -709086875,
        1728443948,
        1613857838,
        429480283,
        -625789213,
        -719904145,
        -1136631367,
        -973103247,
        1463801984,
        668884253,
        -1371518572,
        -1877487160,
        -1870180944,
        235447165,
        -886466309,
        1991280391,
        1506628420,
        778979104,
        33056910,
        -751638682,
        1779373174,
        -1287878513,
        2012840925,
        -1552741311,
        -353563774,
        -955023521,
        -1090772987,
        1275006913,
        611081761,
        1247462456,
        -1209455559,
        1188565478,
        407323555,
        -603403403,
        -851949755,
        -668260783,
        -1644471187,
        18221429,
        -1420154336,
        -1406877226,
        64504898,
        2006397018,
        1974779959,
        1479522940,
        -195731708,
        -257044825,
        976137824,
        555532757,
        -1847623531,
        -307459136,
        1342698675,
        -188351975,
        815801015,
        2090941310,
        876036955,
        1123683793,
        -1445506194,
        -1825967175,
        -125336481,
        -119595508,
        390902970,
        1451080649,
        597349737,
        -1615531393,
    ],
    [
        1552836920,
        325117102,
        -484587154,
        271162563,
        -999246392,
        -157131061,
        671262096,
        1271880229,
        1948683203,
        1980084357,
        1791395714,
        1128249727,
        -299292425,
        -1454316369,
        520208967,
        -1091340219,
        1131572009,
        -1274369665,
        1351148297,
        601663064,
        978885426,
        851457127,
        97534509,
        316272734,
        -2101007987,
        182637501,
        2070800994,
        126945664,
        -1372791408,
        -746555527,
        -1615216063,
        1375650442,
        1157014356,
        478805132,
        1867097806,
        -1204764481,
        -1542194529,
        1499963801,
        -1860027044,
        -1123899028,
        704183703,
        -954861239,
        -863391496,
        1943974424,
        -1735001263,
        1143897770,
        2128246630,
        -1828783330,
        2129007461,
        -1372514743,
        1807969418,
        791201856,
        -870821281,
        -1485796903,
        -619223543,
        -1658921989,
        1592842106,
        -425484796,
        790843085,
        -243041912,
        2100061243,
        1143769176,
        96698994,
        -1091868142,
        -1917800463,
        -1105338235,
        -40840562,
        -1782683114,
        24476529,
        -741197853,
        -1119919343,
        -1966834539,
        -273065359,
        1932135369,
        158473460,
        -1381120693,
        -1889774114,
        -1369573346,
        -1139795240,
        1437358224,
        1394188899,
        1606421838,
        -246661229,
        -1297688637,
        700056213,
        -1966490188,
        -2129894085,
        1997890860,
        1125289989,
        -1927743585,
        -492618590,
        867115890,
        104064115,
        1959128269,
        -1750344805,
        -612205343,
        -1909113274,
        489267035,
        -732704044,
        639575785,
        -116431001,
        2001369822,
        1128874781,
        101571901,
        1170820837,
        51765029,
        -1427444772,
        2088256612,
        1452092025,
        687214392,
        -304230398,
        491418095,
        1202860942,
        -769868646,
        -1884090294,
        1175107196,
        -1813697505,
        -1030325771,
        -591423617,
        -2144124838,
        -1468729948,
        463863417,
        1840090691,
        -2005989155,
        299936834,
        -290396838,
        -1014545533,
        462128900,
        964026805,
        -1652024296,
        1542963030,
        1827760164,
        -5553061,
        -1592561812,
        67537058,
        -1795735097,
        1513736144,
        -381429398,
        -50366740,
        -1712014217,
        664582791,
        1421434686,
        -328672848,
        148186506,
        118838384,
        -1327748560,
        -59435599,
        155918241,
        1093464750,
        -1720033478,
        -1518452227,
        -34537341,
        -1725860403,
        -2029573558,
        594756533,
        -1289449221,
        -356769110,
        609253046,
        1342058033,
        1988444527,
        2081659031,
        969669676,
        1953881623,
        -1013300214,
        251760907,
        818114761,
        1383157300,
        -719836097,
        199923733,
        -378294606,
        -691899624,
        -370099822,
        761620402,
        1003224230,
        -1609056968,
        1095273603,
        -158358184,
        1150373207,
        -765879578,
        868014183,
        1090897103,
        -2104780786,
        -784600701,
        990313460,
        -1459808557,
        1587500822,
        -1057568516,
        828802957,
        1214469352,
        835563313,
        -866550431,
        1695039884,
        -326365268,
        -2052406980,
        -355018034,
        822471317,
        1416820912,
        1447971418,
        -897478102,
        874091455,
        -400563214,
        1853178634,
        1157673378,
        689000553,
        1843806745,
        402034732,
        471408196,
        -1310343392,
        759360431,
        -1937087937,
        -840922114,
        -1287334608,
        -103360447,
        -2136845015,
        -657504160,
        340390220,
        1591687775,
        393307302,
        -1442465281,
        1042622198,
        -1286518945,
        860172559,
        959629726,
        1771895576,
        -2111016888,
        -1347473598,
        975671283,
        -1256505139,
        345202694,
        1631187384,
        703116655,
        1987591944,
        -1647462643,
        -1533181402,
        -1950793151,
        -923909988,
        513388027,
        1796881688,
        724807584,
        1676945364,
        2004575393,
        1074119548,
        -1767444863,
        383789223,
        -1142821785,
        -1009986006,
        -1923267137,
        -924083988,
        980387626,
        -1819707436,
        -635207236,
        1248955221,
        653384981,
        -1045730380,
        -210777824,
        -1439875858,
    ],
    [
        -769001162,
        702793483,
        -1666186438,
        -864289676,
        -1999473327,
        -1369586644,
        1957146407,
        -1671877819,
        1499569313,
        -151126337,
        1247672714,
        717995407,
        326183117,
        744753369,
        -445506394,
        253865417,
        -849945382,
        663965935,
        -1659012364,
        228721842,
        -737171774,
        -529161329,
        -78657708,
        -1303929177,
        -939168789,
        1666285086,
        -1235486803,
        -2015940027,
        1965368826,
        1103611027,
        -595337062,
        1977599801,
        -1976693064,
        1840813500,
        1318053991,
        2097834939,
        1521942923,
        390642070,
        -1127146697,
        -370615449,
        -1273106118,
        1011631099,
        -2076986788,
        1124110900,
        1234744504,
        1139796212,
        794914334,
        -96576019,
        989722149,
        275580916,
        -299909067,
        -2056844925,
        360107790,
        591671883,
        -759678170,
        -772801675,
        -1254816815,
        -986558663,
        158280031,
        316134898,
        693380277,
        1548974249,
        1639100923,
        2142588455,
        1658426613,
        -1503833202,
        -18225889,
        -171857819,
        -1801402761,
        1338272605,
        702182911,
        -1361064847,
        591132862,
        1519883382,
        -1515154523,
        -520379607,
        -487966610,
        635631886,
        -428019595,
        1135048324,
        -1319547836,
        472201273,
        -93914345,
        -1501138984,
        -356170513,
        726896595,
        1641839291,
        -43892237,
        2022519686,
        1002098026,
        1572799744,
        -1890783879,
        -691762394,
        1766183557,
        1511929096,
        -1777005623,
        1643574122,
        -1509279454,
        2121630565,
        -1476893754,
        -2004139242,
        -812160683,
        -1616623029,
        406862523,
        -1977385313,
        -1592898365,
        -1276687485,
        363033413,
        -751108426,
        -396530773,
        267338474,
        -1353772942,
        -1822824898,
        -731717546,
        -1532768893,
        926644380,
        826858053,
        -1193725499,
        -556562318,
        -364601134,
        -931535844,
        -354066078,
        -29910953,
        -434809342,
        -1430243124,
        -2013702104,
        1034483196,
        -1613013568,
        807254143,
        -475790226,
        256358557,
        -1523199131,
        -1334116299,
        -26132657,
        813085164,
        1731621406,
        -1888455455,
        -1994696997,
        -859732423,
        -496033509,
        -678881247,
        -1611531688,
        1629487159,
        2027725846,
        1722408084,
        -1166309221,
        -1373833656,
        1144248026,
        -536600295,
        1553362205,
        446932287,
        -1384070115,
        118721502,
        -1874391944,
        -914838126,
        -2126951042,
        571283381,
        1674709588,
        639417764,
        -82770991,
        -344235413,
        1368342961,
        1273648847,
        -1456867466,
        -1119967090,
        -1520451486,
        -158032619,
        -51206337,
        -876407267,
        -811085106,
        -300426936,
        -1267364933,
        917920417,
        -40608829,
        526191756,
        -1668276711,
        1145642189,
        195261928,
        1244056262,
        -2084958308,
        -1945575793,
        -1057777993,
        488545734,
        -1415669580,
        -1120168754,
        570335801,
        -1345940804,
        367080946,
        -157572772,
        1583171372,
        -1047897679,
        -1979234669,
        -1288537078,
        -1336606070,
        86626501,
        -274287040,
        876322273,
        -1881899228,
        -1646149923,
        -2141009,
        1231415734,
        -817629646,
        1583034067,
        -1187872932,
        2019755214,
        -1307253554,
        1523708575,
        782346474,
        -1009319823,
        -1767591979,
        1791648622,
        -1020815709,
        -29011338,
        1447331200,
        -1119384447,
        -26498109,
        -1329250028,
        -1542389264,
        -660545182,
        1138728671,
        803736489,
        -57065069,
        57323831,
        -258193890,
        -55853356,
        -1648095009,
        848345421,
        1438520820,
        14240943,
        -17429894,
        515550894,
        869859623,
        -1428612389,
        -553621758,
        897499117,
        542836399,
        -2122969984,
        -599496371,
        -75182312,
        -315402879,
        -944860555,
        -996320703,
        -805567843,
        -2037540774,
        -583426078,
        1231996203,
        -1760987076,
        -1526369045,
        944709391,
        1723409404,
        589352035,
        1117181665,
        458054730,
        1093888457,
        1166309560,
        426010018,
    ],
    [
        1219117846,
        -1829057539,
        -399074790,
        -1269970877,
        -708388196,
        -651166764,
        -1161983379,
        1079789863,
        -1018968752,
        -1255101335,
        -1235089551,
        -912936999,
        1295513855,
        1337580092,
        1002679375,
        679370780,
        -848998692,
        -1247501445,
        1596739562,
        665660402,
        -1684072389,
        244339143,
        918275394,
        698744451,
        -1976269846,
        2019434109,
        1984565217,
        -713864299,
        1571138808,
        1557158548,
        384273351,
        -505904013,
        401967967,
        -364152968,
        583545466,
        763794283,
        29881369,
        1653826387,
        1671467940,
        -1427085906,
        -973895748,
        742723582,
        -1841010087,
        742707150,
        1993682165,
        1437836081,
        337298851,
        110355842,
        2029344981,
        -137174509,
        -756708113,
        605556732,
        -484538517,
        1873348151,
        -620974868,
        -1798004793,
        647822791,
        -1400280066,
        -1365067387,
        1399606628,
        -189663305,
        1111118278,
        -1531575318,
        -965509611,
        -2007519495,
        1324680235,
        -838578972,
        -1202502560,
        -1233128833,
        -2104236918,
        -1865463441,
        1066648500,
        -937254323,
        817560615,
        614284995,
        -1777527873,
        1099713092,
        -1417123400,
        -1899979174,
        824759660,
        -1082214075,
        381324743,
        -855951568,
        1229180205,
        -923157697,
        1626872441,
        -1372684237,
        1459166073,
        -580192595,
        622157568,
        1722275324,
        -795279966,
        -825576697,
        419615648,
        74323063,
        1218065236,
        -633714647,
        1538158894,
        -1748197465,
        -975328402,
        1171888333,
        1282319059,
        934407663,
        2046456161,
        341043009,
        1423708459,
        1489104855,
        -685860588,
        -16856828,
        394698937,
        1219328994,
        -62212555,
        729457760,
        -469390081,
        -1021774010,
        -2112913027,
        2083307679,
        1818365195,
        -2102315053,
        -1493838516,
        -2071924669,
        1707691381,
        1407255421,
        1779544771,
        -1355201990,
        1944301233,
        -59131710,
        1455823429,
        -240305575,
        1826280729,
        -1795169272,
        -865041135,
        1475725867,
        830682535,
        1853739547,
        -540058270,
        1362872617,
        490407100,
        442503844,
        -1401596731,
        2097933011,
        1232727228,
        -1446795010,
        -602236172,
        -1846100725,
        2035380669,
        -570774848,
        508710003,
        -634256928,
        287485082,
        494053398,
        1551885902,
        96510758,
        -337914361,
        -77056080,
        1537436847,
        1397370607,
        1962211737,
        -872720344,
        1015112472,
        1328248423,
        -615329281,
        364395581,
        -1113056614,
        -1036426851,
        1093616272,
        1197605617,
        -399593814,
        -1122237744,
        1418846191,
        692428179,
        1750590591,
        1368624741,
        382109395,
        1397212182,
        -1247549331,
        -809424000,
        609375774,
        93041213,
        583240734,
        1772031539,
        999132060,
        442244571,
        643664375,
        1520774437,
        -1822478637,
        -2055777999,
        -542737102,
        -483499985,
        -1394631534,
        -2096682642,
        1306053406,
        -838067271,
        1089125186,
        1010206643,
        1759161891,
        394120932,
        -608757970,
        -477239294,
        -188767318,
        -1714536837,
        1683630361,
        -1271996919,
        -1288510909,
        -324437637,
        -1568108756,
        1518939714,
        -2035684088,
        -153649813,
        -1189747049,
        -171416819,
        -55449992,
        1289107914,
        -1533307807,
        635753901,
        -1293749361,
        1268359971,
        908571766,
        -227258520,
        560384081,
        77651168,
        -213851464,
        1405930361,
        -358779914,
        -1057467871,
        1418209841,
        -800451720,
        -313989581,
        1388395874,
        -321575659,
        -838268166,
        1777104142,
        -1877508326,
        -1658851414,
        1369729140,
        -1084704936,
        -1017311918,
        -369740445,
        -1663432996,
        1215565227,
        -1138539083,
        304079014,
        551114342,
        1482575208,
        -439537345,
        33981015,
        1708683119,
        -606669086,
        1372280819,
        912046229,
        2023364371,
        -1229488051,
        1021843144,
        2131049609,
        -85751670,
        -324028841,
    ],
    [
        -532542489,
        -357576823,
        -606267467,
        -275416132,
        907062488,
        461848995,
        1102664466,
        -609475277,
        -1422598247,
        13056765,
        -2000448221,
        701824475,
        1223529952,
        751676867,
        1965224045,
        1228245127,
        63258530,
        -137972702,
        -1647237624,
        -1747328840,
        176557274,
        -674823942,
        33094874,
        -1749793895,
        1633121498,
        1318146627,
        846136431,
        -257035032,
        -980495861,
        1369100630,
        403585749,
        -1140907675,
        -185334467,
        -1431646470,
        -2143956659,
        -62673314,
        -772654458,
        109212018,
        108176841,
        1944979687,
        -277258455,
        2012960154,
        -733555858,
        1982353508,
        -208517403,
        -2026905907,
        -1606305375,
        1445881082,
        2065936871,
        -1646192539,
        -984397627,
        -1674734962,
        -1709236438,
        -210187353,
        -1673706572,
        -158535286,
        -340070149,
        -436702587,
        305928335,
        -611769659,
        -1118828849,
        1795044712,
        226210037,
        -972327954,
        1028125313,
        228876604,
        -204104531,
        -358262248,
        -1903971424,
        -472089856,
        824938001,
        2026728075,
        -648570100,
        1081364677,
        1379684650,
        748033340,
        1151656898,
        1867863941,
        14433437,
        2050336880,
        -256423015,
        -1119163087,
        140736431,
        299127000,
        -550962470,
        1762294447,
        -1482386144,
        -1816117724,
        -1172693392,
        658586415,
        -1957662247,
        -1327314566,
        1056579483,
        -1331512768,
        -583265094,
        1906188770,
        1089474400,
        -532291735,
        -72356250,
        -363786034,
        248068014,
        -1930613832,
        970733529,
        368776107,
        1328546043,
        88689096,
        366212277,
        -1388010977,
        1526604664,
        -1879848090,
        -1688126083,
        1793479158,
        -1211609500,
        -1500903350,
        1293273161,
        -406003727,
        -130594701,
        -453071261,
        -456243818,
        -1251877053,
        -1615923194,
        -1240607064,
        657086870,
        1673161764,
        -903353110,
        475734968,
        620712330,
        -33763546,
        684684897,
        114035429,
        1230061349,
        1219490387,
        611838581,
        1716756467,
        -1896669250,
        336620191,
        -944370421,
        -1197421548,
        213361176,
        -433897430,
        257933293,
        1788034645,
        1809132085,
        -1169724428,
        -1251529049,
        581229508,
        911939489,
        -1150631765,
        1326989949,
        472397673,
        1638019323,
        -1316443447,
        -1164234026,
        1887074797,
        -1030193024,
        -1878389611,
        514709633,
        -1515523453,
        126221854,
        -1489385848,
        1446652169,
        -1899393604,
        -1629724655,
        -1172213253,
        970708223,
        -2043894258,
        -1288887232,
        -1688091674,
        -291406575,
        -223319103,
        2111808170,
        1884790973,
        -1700728504,
        1446581155,
        -206905234,
        1255149240,
        1904126545,
        225583131,
        1554905307,
        -1063378397,
        1875741776,
        -1372650798,
        -1272368535,
        -688522581,
        -741793394,
        1161841365,
        2135729342,
        1438365884,
        -462791567,
        864797361,
        -1007690851,
        -1652229676,
        607275051,
        2135149444,
        -1009011759,
        1289042696,
        -233356563,
        -905278357,
        -1288351396,
        1412710795,
        1577538925,
        105209543,
        -2050116309,
        1039516500,
        546645390,
        1696674600,
        -348975514,
        952073123,
        1185893646,
        1108517922,
        462694798,
        1725085330,
        -2125806795,
        -1496480981,
        914475728,
        1600074593,
        1344909402,
        -442102982,
        -1062321602,
        -1976858837,
        1069119885,
        359720313,
        -480368802,
        -815547814,
        -1706560151,
        -479068604,
        -124601354,
        -1403670719,
        -1195955266,
        -2081882604,
        1369003855,
        -1340192974,
        -1762917861,
        7537356,
        -471843946,
        1604779632,
        573611084,
        -999208,
        -2027652627,
        -621321125,
        1682132275,
        1575611607,
        1990748453,
        -409171753,
        -157841723,
        439033789,
        -1541428302,
        661114095,
        -880471461,
        -1262583015,
        -2055246071,
        -2063888628,
        1051009418,
        -445865082,
        -206619999,
        1069688000,
    ],
    [
        -681618835,
        -557988332,
        -1115364035,
        -1605483180,
        209815358,
        -1687309083,
        -841827761,
        -1164712319,
        1023930479,
        -421576850,
        2081248573,
        -1554748703,
        1390124371,
        -703621060,
        -565698395,
        593020316,
        -287665588,
        1793060894,
        785716333,
        1727381737,
        27119329,
        1540045810,
        824702645,
        254583776,
        -165380916,
        304865650,
        1401394689,
        1902725037,
        385593359,
        -295558818,
        498864341,
        1960874386,
        1023570749,
        -1100194903,
        -1458246663,
        358279468,
        -991837646,
        -1346545246,
        -1667869677,
        -849592017,
        330965456,
        1835347562,
        -565441260,
        1887874371,
        -1716506462,
        1719564671,
        -5046455,
        -1339369954,
        -1956289205,
        -1809516404,
        455205608,
        1215785764,
        843772269,
        -272298556,
        -730696437,
        -1365805885,
        -1229695030,
        -711494586,
        -466422673,
        1233382892,
        1614140181,
        1197465329,
        -2121707301,
        -42786446,
        1119867393,
        -479388155,
        -1120402727,
        1471963489,
        1999747961,
        646144293,
        -994747239,
        -2121537431,
        359293237,
        -1024074557,
        -1601129245,
        1574164505,
        258447479,
        -862492350,
        -1998696483,
        -888191255,
        599282352,
        277218403,
        -1925680044,
        763786087,
        98523600,
        -150626318,
        48274070,
        -1798124330,
        85992744,
        -1220117355,
        -595679074,
        631635241,
        -513074301,
        -2080298239,
        -712741253,
        -74807500,
        1002041487,
        -1502253459,
        1602074156,
        1341476719,
        -225539453,
        -1529065126,
        1852932335,
        1707083059,
        -104440428,
        -599403523,
        947461779,
        1452676418,
        1482282678,
        -836336237,
        -112095400,
        -630696203,
        1772509364,
        -1421926752,
        -110800227,
        -1210273622,
        -2111475272,
        -193674803,
        -1534618168,
        1082446319,
        -1871490621,
        280717670,
        413932409,
        333104973,
        -1023595069,
        286020735,
        -317358941,
        533497640,
        4932492,
        -1881656447,
        1350143078,
        211278807,
        -235328627,
        -1243355173,
        1410513399,
        -924205266,
        -1646712092,
        662889842,
        739997505,
        684886666,
        1332541801,
        -134451872,
        374264398,
        -67949240,
        1359966394,
        46051684,
        -11196416,
        -1009884589,
        -2103057444,
        -1156331747,
        1079821505,
        123644007,
        902478103,
        1947046599,
        -1864308471,
        2052375207,
        -2069772251,
        -1828330387,
        1651121950,
        1184023067,
        -416485831,
        463971271,
        -74753588,
        -1448415807,
        -1490304612,
        -2129334229,
        780856379,
        -1025205525,
        340198672,
        1527369370,
        363150877,
        76264112,
        -1420011647,
        895632940,
        1438069809,
        467196204,
        1813214227,
        1358328089,
        1684768661,
        -1054044265,
        -1055281715,
        457093687,
        -705421565,
        -2094589981,
        1637262849,
        253286860,
        -109000806,
        1543941374,
        2058205774,
        1834464097,
        -279924213,
        105816063,
        -1154644958,
        1775211843,
        -144747483,
        -848696704,
        -981335121,
        734279556,
        -1837489206,
        985463425,
        -2141326352,
        984743763,
        -963378238,
        -1800170355,
        1399918659,
        -873621696,
        -1737197870,
        334386551,
        173550038,
        -69101430,
        389750886,
        718506983,
        1440218480,
        -75684068,
        -1303671709,
        2139533619,
        -1050024088,
        -1295964289,
        1883938967,
        -2111839670,
        837753161,
        -1185682855,
        1844063000,
        -7749826,
        -418140537,
        419732681,
        1785241966,
        -2046672830,
        -1213384109,
        787866416,
        598446839,
        -629358018,
        122043818,
        166988471,
        -425000552,
        -1658277562,
        1816891882,
        1500517572,
        1628013183,
        382085522,
        -1864676909,
        2133211525,
        -972354804,
        1388505561,
        -362500868,
        2019166170,
        -333071604,
        -1301951719,
        301992497,
        2019182459,
        -1067274645,
        -911752469,
        -923589130,
        -1244175667,
        -234780969,
        -24034090,
    ],
    [
        -1754685009,
        -2086447132,
        -1738248970,
        312642585,
        -911680301,
        -329853964,
        -304364146,
        1180888959,
        1046229887,
        1631295949,
        -1620546560,
        137200920,
        1422031157,
        -2035731531,
        -1658938775,
        1954686599,
        -982926115,
        803395868,
        -1808200304,
        -1941717896,
        752617167,
        -187591691,
        1761959104,
        -1969975825,
        8699014,
        -1440058169,
        -1115725113,
        -296454930,
        1571349707,
        1062509045,
        -656047420,
        606314093,
        1405584675,
        -1517341689,
        -417433174,
        -847163341,
        1228030228,
        -1352025875,
        -939054840,
        -355648082,
        613967165,
        2023612066,
        -533135136,
        -215364151,
        932254292,
        954243253,
        -2074301876,
        1390500605,
        -880582748,
        2004627657,
        -249007071,
        -153311891,
        -1168222239,
        359539917,
        1921450202,
        2143930971,
        452524456,
        498799930,
        -1522698989,
        195690950,
        2136652302,
        -1357652628,
        508796855,
        882553407,
        -553518491,
        1048098358,
        -758929645,
        1904134726,
        1138659066,
        560439287,
        231065488,
        417878855,
        1443217697,
        252694049,
        -463719464,
        1277092857,
        -1355034175,
        -1246288392,
        450699505,
        1743832701,
        -905517077,
        -704322287,
        825789308,
        1620474079,
        -1374122319,
        -494302700,
        -39242671,
        -1131762944,
        -1086330368,
        -1223074441,
        1323722803,
        1978754496,
        983231234,
        153850069,
        1756943896,
        1651234991,
        -1899000321,
        270391598,
        -1666349927,
        -22569596,
        1630103620,
        -1666081014,
        2019089044,
        1994999670,
        771402089,
        -1987173010,
        -1073592942,
        1119347526,
        -250969311,
        -1203871555,
        -1836725266,
        1092497360,
        71730607,
        16793552,
        1913459846,
        -88693195,
        -1498417090,
        -1596359773,
        -735723385,
        1408127445,
        93488426,
        936782394,
        1051322853,
        16537810,
        1655209347,
        2029879624,
        -234419004,
        1776370164,
        332630257,
        1202197915,
        -821824692,
        -724757867,
        -2014648166,
        1766776847,
        57839223,
        -1226994228,
        1659390361,
        -583633991,
        -1862351335,
        457439689,
        549266877,
        1895977368,
        598673769,
        -104889258,
        -834716476,
        651545744,
        -79843974,
        -183474506,
        -829928962,
        359099951,
        -426699846,
        2014382936,
        -1278304395,
        563849998,
        580053744,
        1972276679,
        -2059419265,
        -1383494202,
        1269197177,
        12312004,
        -114871246,
        215653493,
        -1591144725,
        1285134224,
        213130259,
        -1253047560,
        -1171414637,
        702808592,
        -910118443,
        1844002431,
        225954537,
        -85044038,
        514309186,
        -1352820727,
        1660753385,
        1054788434,
        973915149,
        1120853200,
        1702948424,
        2068630669,
        313545835,
        1577727775,
        709131124,
        -2136910952,
        301278440,
        1772135802,
        -1620864170,
        913290966,
        808181173,
        -1186927413,
        1064858488,
        797907879,
        -774035893,
        1311551541,
        -643982166,
        919275208,
        748375987,
        -1347653901,
        -800922289,
        1224508138,
        -9271524,
        1435983770,
        1267108573,
        400811665,
        448824414,
        1939953572,
        2091496177,
        803369539,
        2074164556,
        -126130032,
        2103156061,
        -471045495,
        -1903419777,
        -429554239,
        1149871054,
        849514856,
        -105648187,
        -403277584,
        -425989592,
        -2112099448,
        1521112924,
        19119569,
        -798664509,
        1621580301,
        -1047324005,
        507501379,
        -6610831,
        -408957698,
        198936992,
        -1689582889,
        -1725982324,
        1583347688,
        -987780843,
        1382739172,
        982444892,
        -1650856433,
        -2021107532,
        -1493018401,
        -1211233736,
        -924138591,
        783244467,
        -1632493823,
        -494692907,
        1105044315,
        1420177281,
        837339426,
        -1213514216,
        1676454176,
        -1362419903,
        -31334025,
        -844905117,
        -1151157436,
        1573267091,
        793249309,
        -1361760267,
        28612170,
    ],
    [
        -1355212834,
        914459537,
        -1132011741,
        -419807342,
        -1240160168,
        2093464146,
        965725389,
        57775211,
        -1039697124,
        -1077841782,
        56710306,
        2099210636,
        -52641422,
        -1811450004,
        1302934823,
        -1666932895,
        -1697850194,
        -2086111027,
        -1902779445,
        -469154882,
        243574155,
        -244222917,
        1696050024,
        458693084,
        149276035,
        -1860045764,
        1194148592,
        665067521,
        2034314688,
        -2081102427,
        -2067346440,
        2136522879,
        724046898,
        -1284499288,
        -2070515230,
        -420704290,
        2002321306,
        -113604599,
        -1683826189,
        -527352223,
        1974180886,
        -369479753,
        -14698708,
        646885003,
        1795941389,
        1165419984,
        -428838106,
        115434797,
        1661090053,
        1395684285,
        1907367404,
        -584723285,
        -1333965221,
        1025399667,
        2039788967,
        735163705,
        432271851,
        652867073,
        -1174118421,
        1263908537,
        -1540227390,
        1997928130,
        -1936306682,
        -2144032792,
        725357023,
        275070245,
        2021813055,
        -42868710,
        1556579659,
        -542462434,
        493056975,
        546346850,
        1110694618,
        2038135980,
        138934547,
        1671924787,
        -653968224,
        1631760010,
        1526332397,
        866407777,
        1009837396,
        -784430493,
        -1758031883,
        -1127495543,
        -92787493,
        572564314,
        -235439181,
        -931530394,
        985492756,
        285055373,
        -1827100618,
        -494653854,
        1678572724,
        -1437980837,
        139782779,
        -1273510148,
        449225250,
        1928705901,
        -1441293805,
        -673255867,
        2041011395,
        710085481,
        442580229,
        -1485715255,
        -413569943,
        1736860776,
        -1065534083,
        1372840235,
        -389865142,
        1170341138,
        1335312487,
        -834772782,
        -1325318335,
        -1758020034,
        201126139,
        830707387,
        256181130,
        -644278771,
        -1655067535,
        1363184139,
        728483461,
        -779008695,
        -1460492162,
        1974638020,
        1194737302,
        -433373618,
        751827364,
        -1035904754,
        1257084364,
        -1733428543,
        -372418665,
        821270297,
        485698975,
        600174176,
        1140542766,
        1686781059,
        392933454,
        1464874454,
        -1747608370,
        -1825649913,
        1932752275,
        -2137726425,
        -755579608,
        696269737,
        1861905081,
        -837180848,
        1527957058,
        -1747582573,
        177439749,
        -1415090949,
        -1980987683,
        -1503175997,
        679770206,
        971705939,
        2051451624,
        2090592516,
        -1093721232,
        -1277186057,
        761105330,
        -94462152,
        1258905399,
        -456581173,
        393226013,
        1629046624,
        -1678556692,
        1564349912,
        -329414330,
        -1983254184,
        582425006,
        2051077567,
        -1144371555,
        -2116529333,
        1809176738,
        -893426513,
        -478002975,
        148871425,
        -1520987041,
        1829519132,
        -1048279168,
        -1108141200,
        1054413758,
        1886041898,
        -506481768,
        -316543373,
        1145679774,
        -239169387,
        788606503,
        600286411,
        2048732388,
        -481729633,
        -948625037,
        -1560302055,
        -826453071,
        -971067427,
        -1711159969,
        1266673266,
        -1072173487,
        2143802668,
        1751135762,
        1576327331,
        -1152078621,
        -539106094,
        -14850499,
        -2112283708,
        -1211388535,
        -1648267745,
        -1294559598,
        416220846,
        -835937150,
        432084006,
        -246564349,
        1037475389,
        -1628639190,
        -1335030581,
        -1792030278,
        -650082869,
        -1660638671,
        -954450421,
        -2141698750,
        781664532,
        -605848772,
        -1062668876,
        -750763466,
        -2028447473,
        642861528,
        885132111,
        1953985466,
        -362824670,
        551008528,
        -1268104813,
        1333441087,
        -605882379,
        373047716,
        -658178004,
        501364060,
        -608897200,
        -929611092,
        -1486827726,
        -2029485562,
        1848923525,
        1691749741,
        -591443914,
        -436758382,
        -544869773,
        -1624615182,
        -1220753508,
        -1754602373,
        459223870,
        1637519041,
        1624443899,
        -1142564032,
        2131981150,
        1784346490,
        1291282967,
        150870860,
        209343791,
    ],
    [
        -701233377,
        1920144189,
        879776450,
        -601397075,
        -556135312,
        1206029463,
        1067303739,
        1093521821,
        2133830171,
        -1040849061,
        -1890193092,
        -1865072982,
        497042358,
        1063069998,
        -1931616472,
        -895217988,
        -1467612240,
        -525407460,
        1845628533,
        1017754137,
        -1995126949,
        -1122109933,
        -180282156,
        1403562975,
        1771897424,
        -593602938,
        1373754975,
        -341676704,
        1425194896,
        -569463979,
        -953133015,
        1808103037,
        1255122559,
        262599313,
        456099411,
        368261980,
        -281928980,
        239819151,
        1551693483,
        1755351554,
        207736017,
        -1901904047,
        93686187,
        -199071781,
        1014477818,
        313936073,
        459721916,
        1651458937,
        -835939947,
        2137364460,
        -687820110,
        796481955,
        284527776,
        -854908136,
        2058896926,
        637297495,
        -66260342,
        -683860468,
        1603164569,
        1167917115,
        -34832788,
        885784509,
        660641668,
        1270070054,
        -1339380345,
        -1384541261,
        2123273581,
        1631209505,
        1463168595,
        -289227391,
        1564829678,
        -916485447,
        585940490,
        43637755,
        832166637,
        -1955577439,
        -37061975,
        664321527,
        1427005286,
        1146621409,
        1339781393,
        -1426782240,
        1873407210,
        1393099255,
        -1273713788,
        611942119,
        -1716664649,
        -962154024,
        -814079191,
        353686898,
        1810649884,
        -847692132,
        -910738711,
        717090350,
        -2007390793,
        217597495,
        729175256,
        1021363132,
        -2057536408,
        -118772239,
        870287055,
        -659507771,
        -563387727,
        -1452221478,
        121193278,
        394600241,
        -362299787,
        1183536789,
        -1800509832,
        2093041493,
        -546792231,
        -760212791,
        -1739893043,
        689347845,
        -828715902,
        -125236490,
        -1709146462,
        696447228,
        302867782,
        -2088889704,
        -355026735,
        510402595,
        -1794206538,
        1979347596,
        -831430807,
        -195648574,
        -1740750794,
        -934344505,
        -1328120456,
        380390009,
        -1989831318,
        -707909817,
        1599971363,
        -1889231292,
        1558182491,
        679643018,
        -1679112976,
        -1371885935,
        -1158955155,
        -452267174,
        396234994,
        -318363371,
        1180085768,
        808189332,
        1360070691,
        -1563366765,
        -211319188,
        1241556553,
        -1228072868,
        1863586324,
        728640841,
        784718386,
        -1558369384,
        1487001426,
        -719339069,
        1348394868,
        -1389695058,
        1885576992,
        805013461,
        163881151,
        -193076599,
        -2129847254,
        -408148591,
        1404669615,
        1807628954,
        1935362612,
        -1638386499,
        -481016986,
        -1593320702,
        1025385337,
        -1257620106,
        1723495036,
        1632246301,
        -1587054340,
        -1273006877,
        -572815397,
        614576168,
        213877876,
        -450892669,
        -1870625230,
        1332674028,
        1591263207,
        -2091835109,
        1070489618,
        -1399218051,
        -1818336147,
        1442296779,
        625249470,
        914581340,
        -592456263,
        713949892,
        -156972919,
        -1223263489,
        1273368759,
        -1277505826,
        854231263,
        -609207345,
        470502451,
        197005909,
        -966092040,
        -1578872887,
        -1920856277,
        695799589,
        -705818206,
        353868065,
        -1866181020,
        1289731848,
        837161304,
        1248496051,
        536463324,
        -139955323,
        -1156939010,
        26219193,
        -226149697,
        -1520481540,
        1310411650,
        -1308584129,
        -1568132896,
        1960938732,
        1769501815,
        1361418608,
        -1611079377,
        652785757,
        -534185469,
        -3080164,
        1677820813,
        -2123502665,
        -186473034,
        -388095151,
        -1156388918,
        1108539508,
        1551435436,
        833664348,
        403289190,
        -371976159,
        -1179883260,
        -992756202,
        -2021422780,
        556672653,
        -477056862,
        -1329999545,
        1014420744,
        758590449,
        957879396,
        -870497671,
        998097234,
        -1400820382,
        -209598327,
        -246015280,
        391634050,
        719917999,
        920615792,
        1339079676,
        1428892278,
        979393789,
        -1039295328,
    ],
]